Meta Data
Label,Value,
Date,8/12/2024
Profile,HillsAndValleys
ScanDuration,14.3433 s
ScanLength,430.11 µm
ScanResolution,0.0999791 µm
ScanType,Standard Scan
StylusForce,13 mg
StylusScanRange,6.5 µm
StylusType,Radius: 2 μm
Time,12:01:18 PM


Data Leveling Position
R Cursor Position,NaN µm
R Cursor Width,0 µm
M Cursor Position,NaN µm
M Cursor Width,0 µm


Data
Lateral(µm),Total Profile(Å),,
0,0,,
0.0999790794646546,-1.36856233074392,,
0.199958158929309,-2.39613600132294,,
0.299937238393964,-1.73513100822386,,
0.399916317858618,1.31201984239513,,
0.499895397323273,-0.0282582766262607,,
0.599874476787928,-1.44375883454767,,
0.699853556252582,-0.96184613836275,,
0.799832635717237,0.67165737200401,,
0.899811715181891,0.755580673165625,,
0.999790794646546,-0.449332455386758,,
1.0997698741112,0.219951872300587,,
1.19974895357586,-1.92908036657752,,
1.29972803304051,-3.17666708252605,,
1.39970711250516,-2.3935731213952,,
1.49968619196982,-6.50848946681332,,
1.59966527143447,-8.32498054831704,,
1.69964435089913,-7.33099814617447,,
1.79962343036378,-7.01356788680351,,
1.89960250982844,-8.51140569200165,,
1.99958158929309,-9.34533655049167,,
2.09956066875775,-10.2080731129263,,
2.1995397482224,-10.5517188910687,,
2.29951882768706,-11.3411675023523,,
2.39949790715171,-11.4090571673872,,
2.49947698661636,-11.2183166298059,,
2.59945606608102,-11.2951330630613,,
2.69943514554567,-10.4207006430647,,
2.79941422501033,-10.2999636180826,,
2.89939330447498,-10.4181349105112,,
2.99937238393964,-11.73266285508,,
3.09935146340429,-11.8720608158401,,
3.19933054286895,-12.4502291826948,,
3.2993096223336,-14.2610730961194,,
3.39928870179826,-13.9915515874128,,
3.49926778126291,-16.5110570896529,,
3.59924686072757,-17.4143836840181,,
3.69922594019222,-15.8039867245193,,
3.79920501965687,-17.757031424629,,
3.89918409912153,-19.8306451449054,,
3.99916317858618,-19.728053125498,,
4.09914225805084,-18.8345625891908,,
4.19912133751549,-20.0786086950147,,
4.29910041698015,-19.6959745345491,,
4.3990794964448,-18.8741106886814,,
4.49905857590946,-19.0491432247044,,
4.59903765537411,-18.1375014947435,,
4.69901673483877,-17.8184447895997,,
4.79899581430342,-16.926360944665,,
4.89897489376807,-18.9565445131206,,
4.99895397323273,-18.5241510635531,,
5.09893305269738,-16.9007890398356,,
5.19891213216204,-19.6892287293864,,
5.29889121162669,-21.4671306639932,,
5.39887029109135,-20.5799516324539,,
5.498849370556,-19.1552050825705,,
5.59882845002066,-18.1290790419121,,
5.69880752948531,-17.7322613293095,,
5.79878660894997,-17.4226673647535,,
5.89876568841462,-16.5045128313174,,
5.99874476787928,-17.4657914494507,,
6.09872384734393,-15.8424124611862,,
6.19870292680858,-17.7246086526431,,
6.29868200627324,-19.0596609759339,,
6.39866108573789,-19.4957174387104,,
6.49864016520255,-19.8627916472835,,
6.5986192446672,-21.5535085333798,,
6.69859832413186,-22.2651637858709,,
6.79857740359651,-23.1600356565398,,
6.89855648306117,-24.0629057301044,,
6.99853556252582,-24.1530949181011,,
7.09851464199048,-24.6571100407048,,
7.19849372145513,-24.2048802537132,,
7.29847280091979,-25.4920848056812,,
7.39845188038444,-23.1612867361772,,
7.49843095984909,-24.3447108894395,,
7.59841003931375,-26.7420914034789,,
7.6983891187784,-27.0440317012617,,
7.79836819824306,-28.4734283701964,,
7.89834727770771,-30.0641372920537,,
7.99832635717237,-30.5119343070105,,
8.09830543663702,-32.6891454538452,,
8.19828451610168,-34.8257785392267,,
8.29826359556633,-36.4325447500291,,
8.39824267503099,-35.8897814117368,,
8.49822175449564,-36.3298139783522,,
8.59820083396029,-39.1141563716923,,
8.69817991342495,-39.1662047437623,,
8.7981589928896,-38.8787788155314,,
8.89813807235426,-40.3060737128933,,
8.99811715181891,-40.670655330663,,
9.09809623128357,-40.756836310324,,
9.19807531074822,-40.9088718039545,,
9.29805439021288,-40.0942309125223,,
9.39803346967753,-38.6829577761115,,
9.49801254914219,-38.6390105767966,,
9.59799162860684,-38.6560661968703,,
9.69797070807149,-38.1009064687131,,
9.79794978753615,-36.7249545258513,,
9.8979288670008,-36.7348353327363,,
9.99790794646546,-37.0719351789145,,
10.0978870259301,-35.8042943677846,,
10.1978661053948,-36.810684054578,,
10.2978451848594,-37.0651280232434,,
10.3978242643241,-35.8092628949792,,
10.4978033437887,-36.1737618597284,,
10.5977824232534,-34.5527817448913,,
10.697761502718,-33.1153327799255,,
10.7977405821827,-32.270791487269,,
10.8977196616474,-33.5489346891771,,
10.997698741112,-36.2503919445674,,
11.0976778205767,-33.7909869615249,,
11.1976569000413,-34.8675100339348,,
11.297635979506,-36.2812531358755,,
11.3976150589706,-35.4619224656889,,
11.4975941384353,-36.0470891325423,,
11.5975732178999,-35.0964691484787,,
11.6975522973646,-33.675872585372,,
11.7975313768292,-30.9519719467582,,
11.8975104562939,-29.4442103194054,,
11.9974895357586,-30.7266697969487,,
12.0974686152232,-29.778300565123,,
12.1974476946879,-28.1160928179453,,
12.2974267741525,-29.0461203040402,,
12.3974058536172,-28.2805362097252,,
12.4973849330818,-26.5816904416793,,
12.5973640125465,-24.8409815217037,,
12.6973430920111,-24.651463337508,,
12.7973221714758,-23.4051672076646,,
12.8973012509404,-22.962848919679,,
12.9972803304051,-22.4537345914695,,
13.0972594098698,-21.7192762511188,,
13.1972384893344,-19.6001064832862,,
13.2972175687991,-18.6520582676452,,
13.3971966482637,-19.4894472408982,,
13.4971757277284,-16.5435286692613,,
13.597154807193,-17.8652726948363,,
13.6971338866577,-16.7451589758939,,
13.7971129661223,-15.3467056070456,,
13.897092045587,-17.5251785193534,,
13.9970711250516,-15.2011272189234,,
14.0970502045163,-14.6947960529085,,
14.197029283981,-14.232102139683,,
14.2970083634456,-14.4453841227744,,
14.3969874429103,-16.3304952262347,,
14.4969665223749,-12.8255728166746,,
14.5969456018396,-13.4332568443251,,
14.6969246813042,-14.5410078429723,,
14.7969037607689,-11.258415993997,,
14.8968828402335,-10.8936420502558,,
14.9968619196982,-11.6331529199831,,
15.0968409991628,-10.9427074457223,,
15.1968200786275,-11.0314447703091,,
15.2967991580922,-11.5097761845215,,
15.3967782375568,-10.510752961998,,
15.4967573170215,-9.93341475481093,,
15.5967363964861,-9.46286941998353,,
15.6967154759508,-8.36161820416607,,
15.7966945554154,-6.1492631289991,,
15.8966736348801,-3.94433989238533,,
15.9966527143447,-1.20003990244807,,
16.0966317938094,1.95445432523545,,
16.196610873274,3.93027623851013,,
16.2965899527387,4.13070763362103,,
16.3965690322034,5.87201765364137,,
16.496548111668,5.23450473866377,,
16.5965271911327,4.06689018410691,,
16.6965062705973,4.63118021632938,,
16.796485350062,5.51013841785911,,
16.8964644295266,6.79420721058269,,
16.9964435089913,4.72203179035009,,
17.0964225884559,5.04249499945641,,
17.1964016679206,5.46175901518118,,
17.2963807473852,2.77586119728389,,
17.3963598268499,2.95263181582572,,
17.4963389063146,2.63430433617411,,
17.5963179857792,0.559557095178665,,
17.6962970652439,2.2314637772033,,
17.7962761447085,2.69500642361266,,
17.8962552241732,3.73657883293928,,
17.9962343036378,2.15175285130888,,
18.0962133831025,1.45601111467015,,
18.1961924625671,3.04910571097078,,
18.2961715420318,3.42136737631191,,
18.3961506214964,3.73140223836815,,
18.4961297009611,5.46592698246805,,
18.5961087804258,4.39166585450436,,
18.6960878598904,4.07642321853506,,
18.7960669393551,5.10220177749244,,
18.8960460188197,4.56791228720115,,
18.9960250982844,3.68462375223242,,
19.096004177749,4.27140221819803,,
19.1959832572137,4.33882416977382,,
19.2959623366783,4.33057854946103,,
19.395941416143,3.70482542991683,,
19.4959204956076,4.34707497662681,,
19.5958995750723,2.73064542960049,,
19.695878654537,1.37166167711574,,
19.7958577340016,2.82062111378301,,
19.8958368134663,1.46865394800308,,
19.9958158929309,0.928021862427904,,
20.0957949723956,2.82079657189583,,
20.1957740518602,3.86317193310951,,
20.2957531313249,3.53671496852374,,
20.3957322107895,1.9060239821298,,
20.4957112902542,3.96857123638322,,
20.5956903697188,3.73971329803335,,
20.6956694491835,2.61977385956397,,
20.7956485286482,5.71824890088929,,
20.8956276081128,4.71176326967928,,
20.9956066875775,3.46490201771471,,
21.0955857670421,5.22956203827309,,
21.1955648465068,6.02067643378208,,
21.2955439259714,4.97186910574571,,
21.3955230054361,3.08140569306605,,
21.4955020849007,5.28270684299478,,
21.5954811643654,5.73189450818835,,
21.69546024383,5.03883511548596,,
21.7954393232947,6.46727762720431,,
21.8954184027594,6.60981928188745,,
21.995397482224,4.46829976359753,,
22.0953765616887,6.00830672590774,,
22.1953556411533,5.90213926759414,,
22.295334720618,4.18123157252499,,
22.3953138000826,4.68381103642016,,
22.4952928795473,5.11798529283558,,
22.5952719590119,4.56546384591652,,
22.6952510384766,5.29503670977572,,
22.7952301179412,4.81319770503252,,
22.8952091974059,5.1286748012817,,
22.9951882768706,5.15988222378095,,
23.0951673563352,5.68386550007024,,
23.1951464357999,6.47783198562127,,
23.2951255152645,6.13556269632273,,
23.3951045947292,7.54725224342467,,
23.4950836741938,9.08745030390802,,
23.5950627536585,9.39406308409657,,
23.6950418331231,9.0184168494821,,
23.7950209125878,9.11635158763324,,
23.8949999920524,9.87413993955521,,
23.9949790715171,9.91600046142238,,
24.0949581509818,10.3612423306915,,
24.1949372304464,13.007778071129,,
24.2949163099111,10.6013636016122,,
24.3948953893757,10.2564586860293,,
24.4948744688404,13.8288698128587,,
24.594853548305,12.3497482705763,,
24.6948326277697,12.3737539995787,,
24.7948117072343,13.7983023322246,,
24.894790786699,14.3678459041263,,
24.9947698661636,15.1476573204177,,
25.0947489456283,16.4723058115028,,
25.194728025093,16.0927025646689,,
25.2947071045576,17.5528929996458,,
25.3946861840223,15.8483542741154,,
25.4946652634869,16.1528786318967,,
25.5946443429516,15.2095099993683,,
25.6946234224162,12.0606141343693,,
25.7946025018809,11.3188953736405,,
25.8945815813455,9.60825345301367,,
25.9945606608102,8.09873990806166,,
26.0945397402748,8.40788981227096,,
26.1945188197395,5.65761853904601,,
26.2944978992042,5.66894237115798,,
26.3944769786688,4.92885606072098,,
26.4944560581335,4.4398460289876,,
26.5944351375981,5.75056642823633,,
26.6944142170628,3.3777295670836,,
26.7943932965274,5.17474806018959,,
26.8943723759921,6.61410031666908,,
26.9943514554567,3.75946788011844,,
27.0943305349214,3.2519150392985,,
27.1943096143861,2.34254473148474,,
27.2942886938507,-0.480701156671916,,
27.3942677733154,-2.49815652936742,,
27.49424685278,-4.66710049910182,,
27.5942259322447,-8.1075502464525,,
27.6942050117093,-11.7429719568006,,
27.794184091174,-14.2684906923155,,
27.8941631706386,-15.3787892105898,,
27.9941422501033,-17.7626013272338,,
28.0941213295679,-19.8677078238413,,
28.1941004090326,-20.4335499836081,,
28.2940794884973,-21.4016619839134,,
28.3940585679619,-21.2585600873017,,
28.4940376474266,-21.3900524973909,,
28.5940167268912,-21.5983299261363,,
28.6939958063559,-21.0232279969743,,
28.7939748858205,-22.2242925813057,,
28.8939539652852,-21.065032168901,,
28.9939330447498,-20.0309249579759,,
29.0939121242145,-22.0156783040808,,
29.1938912036791,-20.363605947783,,
29.2938702831438,-20.0592038921481,,
29.3938493626084,-21.3804807826977,,
29.4938284420731,-20.7070011648489,,
29.5938075215378,-20.2984605689116,,
29.6937866010024,-22.5452960472116,,
29.7937656804671,-22.0483151281285,,
29.8937447599317,-24.9218032821355,,
29.9937238393964,-25.6264447503434,,
30.093702918861,-25.9030825605324,,
30.1936819983257,-26.4952873882154,,
30.2936610777903,-27.1481818899831,,
30.393640157255,-29.2228144976623,,
30.4936192367196,-29.2308033646506,,
30.5935983161843,-27.9140988185083,,
30.693577395649,-29.3346311785723,,
30.7935564751136,-29.7570879642536,,
30.8935355545783,-27.3131114493983,,
30.9935146340429,-26.8321451243142,,
31.0934937135076,-27.2255803833281,,
31.1934727929722,-27.0040513023696,,
31.2934518724369,-26.8985430935281,,
31.3934309519015,-26.2758327975999,,
31.4934100313662,-27.2910035465615,,
31.5933891108309,-26.7973069179176,,
31.6933681902955,-24.4792193896279,,
31.7933472697602,-26.1050775702577,,
31.8933263492248,-25.8476695734988,,
31.9933054286895,-25.7370773092202,,
32.0932845081541,-26.1262850790472,,
32.1932635876188,-25.8061793021717,,
32.2932426670834,-26.5689879653214,,
32.3932217465481,-24.2741677797049,,
32.4932008260127,-24.0051357782171,,
32.5931799054774,-21.6499320952812,,
32.6931589849421,-19.4568239157135,,
32.7931380644067,-18.2848976242859,,
32.8931171438714,-17.4425191933917,,
32.993096223336,-15.9084453652925,,
33.0930753028007,-14.4272257234409,,
33.1930543822653,-12.788216421655,,
33.29303346173,-10.5401213486692,,
33.3930125411946,-8.64900615977258,,
33.4929916206593,-9.25420952301348,,
33.5929707001239,-8.47036127314475,,
33.6929497795886,-7.95331907925826,,
33.7929288590533,-7.53610799083163,,
33.8929079385179,-7.15924307702331,,
33.9928870179826,-4.60230228311275,,
34.0928660974472,-3.37547946971722,,
34.1928451769119,-4.4637924887145,,
34.2928242563765,-2.28115763813913,,
34.3928033358412,0.24455159478179,,
34.4927824153058,-0.297334278873244,,
34.5927614947705,1.82335571190509,,
34.6927405742351,2.37375559752666,,
34.7927196536998,3.44269884509216,,
34.8926987331645,2.40640414161112,,
34.9926778126291,4.36849558091813,,
35.0926568920938,6.6754456461973,,
35.1926359715584,6.7191903744778,,
35.2926150510231,7.46586876938257,,
35.3925941304877,10.2455719689307,,
35.4925732099524,9.46593398990594,,
35.592552289417,11.2267372089684,,
35.6925313688817,12.1932810877511,,
35.7925104483463,13.4363739308547,,
35.892489527811,13.4165569677283,,
35.9924686072757,14.2768084337142,,
36.0924476867403,15.711188951623,,
36.192426766205,15.4560637614152,,
36.2924058456696,15.2830141047711,,
36.3923849251343,17.8218054488581,,
36.4923640045989,19.5589677467739,,
36.5923430840636,20.3382422271128,,
36.6923221635282,20.8092231686908,,
36.7923012429929,21.2951423971546,,
36.8922803224575,21.496411248948,,
36.9922594019222,21.3634425100021,,
37.0922384813869,20.9942079954198,,
37.1922175608515,21.0226105783993,,
37.2921966403162,19.3091349854152,,
37.3921757197808,18.784288149935,,
37.4921547992455,18.9334193192479,,
37.5921338787101,16.7416190103463,,
37.6921129581748,18.0447196272641,,
37.7920920376394,17.6268206270906,,
37.8920711171041,16.6427096197953,,
37.9920501965687,16.3554816865482,,
38.0920292760334,16.2727596633511,,
38.1920083554981,16.3551077699001,,
38.2919874349627,15.0247777421403,,
38.3919665144274,13.882114150873,,
38.491945593892,14.5005274478425,,
38.5919246733567,11.8310147290432,,
38.6919037528213,10.503958085551,,
38.791882832286,12.176468570211,,
38.8918619117506,10.6404915889583,,
38.9918409912153,8.90042461936179,,
39.0918200706799,8.65017798390726,,
39.1917991501446,7.6498522658068,,
39.2917782296093,6.23390829901936,,
39.3917573090739,5.68536013260653,,
39.4917363885386,4.27130201850808,,
39.5917154680032,3.64491384247481,,
39.6916945474679,1.8345796358776,,
39.7916736269325,0.882765130479555,,
39.8916527063972,2.76712666850434,,
39.9916317858618,0.362077727548197,,
40.0916108653265,-0.421823717076123,,
40.1915899447911,0.754517880042876,,
40.2915690242558,-1.60827883405398,,
40.3915481037205,-2.57921317714674,,
40.4915271831851,-3.227271226937,,
40.5915062626498,-5.23520042396632,,
40.6914853421144,-5.48484981817314,,
40.7914644215791,-7.51598561208771,,
40.8914435010437,-8.62220746095458,,
40.9914225805084,-10.7966859353635,,
41.091401659973,-14.0399770882446,,
41.1913807394377,-15.0900903893969,,
41.2913598189023,-16.5965911889831,,
41.391338898367,-18.693978263781,,
41.4913179778317,-18.4445144037594,,
41.5912970572963,-19.7480948547564,,
41.691276136761,-22.5849365915944,,
41.7912552162256,-22.1151235679841,,
41.8912342956903,-24.5834370477208,,
41.9912133751549,-24.9991041107244,,
42.0911924546196,-26.5641012188426,,
42.1911715340842,-27.1496079741396,,
42.2911506135489,-26.8446764321614,,
42.3911296930135,-29.6227507010559,,
42.4911087724782,-28.8333902672915,,
42.5910878519429,-29.1996702719711,,
42.6910669314075,-31.7348499244351,,
42.7910460108722,-31.6398583812768,,
42.8910250903368,-31.8541016091179,,
42.9910041698015,-35.2306308911865,,
43.0909832492661,-34.5434403932659,,
43.1909623287308,-34.5610513274972,,
43.2909414081954,-35.08629221823,,
43.3909204876601,-37.1012120708316,,
43.4908995671248,-37.1865475418861,,
43.5908786465894,-36.3807667305956,,
43.6908577260541,-36.4846617787478,,
43.7908368055187,-33.1394497653082,,
43.8908158849834,-31.4880918989913,,
43.990794964448,-27.6328085325452,,
44.0907740439127,-27.0980777744504,,
44.1907531233773,-26.1272247174072,,
44.290732202842,-22.7670151084042,,
44.3907112823066,-21.8327761395878,,
44.4906903617713,-19.2616685590024,,
44.5906694412359,-18.4528625207048,,
44.6906485207006,-16.6771888637735,,
44.7906276001653,-14.3927844794174,,
44.8906066796299,-13.5202589429546,,
44.9905857590946,-12.4498863210653,,
45.0905648385592,-11.1365701679782,,
45.1905439180239,-8.29100426803605,,
45.2905229974885,-7.48350737024779,,
45.3905020769532,-6.7882674657552,,
45.4904811564178,-4.77557107955566,,
45.5904602358825,-3.94992647444337,,
45.6904393153471,-3.33874872839962,,
45.7904183948118,-2.78282719146876,,
45.8903974742765,0.0382739635752358,,
45.9903765537411,0.310099915731307,,
46.0903556332058,1.2039308423363,,
46.1903347126704,3.01212748529685,,
46.2903137921351,3.32441823438251,,
46.3902928715997,2.99631915434857,,
46.4902719510644,4.01308953633355,,
46.590251030529,5.21783055993259,,
46.6902301099937,7.51250346387837,,
46.7902091894584,6.94273111808904,,
46.890188268923,10.1566810494368,,
46.9901673483877,11.2652575380043,,
47.0901464278523,10.6154519699297,,
47.190125507317,12.1330098926413,,
47.2901045867816,14.3814221474103,,
47.3900836662463,14.1185484874437,,
47.4900627457109,14.4142915638177,,
47.5900418251756,15.9568300789986,,
47.6900209046402,16.2085472078008,,
47.7899999841049,16.2369385271293,,
47.8899790635695,16.8156956287704,,
47.9899581430342,16.6969014915996,,
48.0899372224989,16.2474528676224,,
48.1899163019635,16.8925999617935,,
48.2898953814282,17.9095721004881,,
48.3898744608928,16.7242634860996,,
48.4898535403575,16.7266796364686,,
48.5898326198221,17.6421734741884,,
48.6898116992868,16.8254706874214,,
48.7897907787514,16.6519312141838,,
48.8897698582161,17.8104502012889,,
48.9897489376808,18.3736939859784,,
49.0897280171454,18.5964273626269,,
49.1897070966101,18.0074685178084,,
49.2896861760747,18.0749873129466,,
49.3896652555394,16.1401775030171,,
49.489644335004,14.985091993356,,
49.5896234144687,14.8555212411554,,
49.6896024939333,14.6608811844172,,
49.789581573398,13.1018731524565,,
49.8895606528626,12.9392091932936,,
49.9895397323273,13.699766681402,,
50.0895188117919,10.868106868539,,
50.1894978912566,9.92366567385036,,
50.2894769707213,10.3590390691928,,
50.3894560501859,8.24511864615393,,
50.4894351296506,5.94502410272092,,
50.5894142091152,6.26151533500344,,
50.6893932885799,5.01477768095234,,
50.7893723680445,4.84524495831581,,
50.8893514475092,4.8055172677151,,
50.9893305269738,4.88691003268774,,
51.0893096064385,4.94030989917333,,
51.1892886859032,4.17004499791122,,
51.2892677653678,5.59526528424888,,
51.3892468448325,4.91373286154451,,
51.4892259242971,4.4295454305844,,
51.5892050037618,5.83734967758005,,
51.6891840832264,4.08697411488269,,
51.7891631626911,3.800867005584,,
51.8891422421557,4.20012671955843,,
51.9891213216204,4.88565139700069,,
52.089100401085,6.27952900540942,,
52.1890794805497,4.20561808620977,,
52.2890585600144,4.25532560134527,,
52.389037639479,3.24642016966322,,
52.4890167189437,0.55160095605973,,
52.5889957984083,0.970725874950233,,
52.688974877873,2.79304719639246,,
52.7889539573376,-0.742408411547665,,
52.8889330368023,1.18296774890272,,
52.9889121162669,2.93673904379293,,
53.0888911957316,1.44269671164149,,
53.1888702751962,1.54148374063215,,
53.2888493546609,1.43671702633414,,
53.3888284341256,1.77582402565868,,
53.4888075135902,1.95003390404679,,
53.5887865930549,1.69858251582001,,
53.6887656725195,3.81368281122798,,
53.7887447519842,3.22026101840991,,
53.8887238314488,3.84264519440608,,
53.9887029109135,3.80849925462781,,
54.0886819903781,3.83167017960916,,
54.1886610698428,3.13761447469771,,
54.2886401493074,3.86199122023882,,
54.3886192287721,4.48878929574771,,
54.4885983082368,2.51962314173053,,
54.5885773877014,2.97937888735881,,
54.6885564671661,1.28091249890936,,
54.7885355466307,0.0565100710354827,,
54.8885146260954,0.55072385197326,,
54.98849370556,0.147266262321565,,
55.0884727850247,-0.0742962180322309,,
55.1884518644893,-1.7693319550075,,
55.288430943954,-1.38769541970029,,
55.3884100234186,-1.38733014031146,,
55.4883891028833,-3.72655573229282,,
55.5883681823479,-3.21493957870346,,
55.6883472618126,-2.27495056439071,,
55.7883263412773,-4.28335557944059,,
55.8883054207419,-3.72801335889459,,
55.9882845002066,-3.9176596394037,,
56.0882635796712,-5.26544418272226,,
56.1882426591359,-6.09043557999544,,
56.2882217386005,-5.282863099663,,
56.3882008180652,-3.57486955742714,,
56.4881798975298,-5.13116078390048,,
56.5881589769945,-3.8771571247573,,
56.6881380564592,-4.07720612153347,,
56.7881171359238,-6.23160711654192,,
56.8880962153885,-5.77421131638769,,
56.9880752948531,-6.53519405539041,,
57.0880543743178,-6.80255504590458,,
57.1880334537824,-7.20435345233634,,
57.2880125332471,-8.91366129794707,,
57.3879916127117,-8.77253728373085,,
57.4879706921764,-9.89845555152262,,
57.587949771641,-11.8398363822955,,
57.6879288511057,-11.0015247192339,,
57.7879079305704,-12.8845695554701,,
57.887887010035,-14.7645189234161,,
57.9878660894997,-14.2321635019464,,
58.0878451689643,-14.8529197822496,,
58.187824248429,-15.3819764285257,,
58.2878033278936,-14.7390846268022,,
58.3877824073583,-15.1493254309194,,
58.4877614868229,-14.5895288960678,,
58.5877405662876,-14.4108120090097,,
58.6877196457522,-12.1088180845773,,
58.7876987252169,-11.2809397415157,,
58.8876778046816,-11.0940464912884,,
58.9876568841462,-10.3545959251977,,
59.0876359636109,-10.6088481478002,,
59.1876150430755,-11.2536204327832,,
59.2875941225402,-11.2146056739657,,
59.3875732020048,-11.0301938373866,,
59.4875522814695,-11.1483839975417,,
59.5875313609341,-10.624411883169,,
59.6875104403988,-9.38693205289967,,
59.7874895198634,-8.4291325746474,,
59.8874685993281,-7.90183765815899,,
59.9874476787928,-6.54055391432767,,
60.0874267582574,-5.35110354814394,,
60.1874058377221,-4.51759467227573,,
60.2873849171867,-3.08161857821977,,
60.3873639966514,-1.21729580899037,,
60.487343076116,-0.410419971296619,,
60.5873221555807,-2.41364981562599,,
60.6873012350453,-0.755675045535895,,
60.78728031451,-0.225970970914844,,
60.8872593939746,-0.386980457401833,,
60.9872384734393,-0.588822489045235,,
61.087217552904,-0.130326921130383,,
61.1871966323686,2.07520686353151,,
61.2871757118333,-0.0455859954751077,,
61.3871547912979,0.933105184612273,,
61.4871338707626,3.17235716036955,,
61.5871129502272,3.46148630557233,,
61.6870920296919,4.98644651069911,,
61.7870711091565,5.85035425043417,,
61.8870501886212,6.37419945615173,,
61.9870292680858,6.43205786478798,,
62.0870083475505,7.71341499124136,,
62.1869874270152,8.50715059175942,,
62.2869665064798,8.41668479136995,,
62.3869455859445,11.2652076886153,,
62.4869246654091,12.2739503963411,,
62.5869037448738,12.7028637397034,,
62.6868828243384,14.1987231707472,,
62.7868619038031,14.253368589202,,
62.8868409832677,14.2279085058754,,
62.9868200627324,16.581523225528,,
63.086799142197,18.6698671813384,,
63.1867782216617,18.8317651537544,,
63.2867573011264,18.2373143370277,,
63.386736380591,17.9417259689254,,
63.4867154600557,19.4275281977526,,
63.5866945395203,20.5859092663574,,
63.686673618985,19.6993292801095,,
63.7866526984496,21.0583549414542,,
63.8866317779143,21.3341942189281,,
63.9866108573789,20.1013130823017,,
64.0865899368436,21.447581261086,,
64.1865690163082,23.4263909262853,,
64.2865480957729,23.2558938753673,,
64.3865271752376,22.8051935174957,,
64.4865062547022,23.3120767238092,,
64.5864853341669,23.8601018174457,,
64.6864644136315,21.4370821217696,,
64.7864434930962,20.2887309890535,,
64.8864225725608,20.4072320677329,,
64.9864016520255,18.5156596733821,,
65.0863807314901,16.4700082808601,,
65.1863598109548,16.6396193163515,,
65.2863388904194,14.9117593110858,,
65.3863179698841,13.2617535678675,,
65.4862970493488,12.9050699220403,,
65.5862761288134,11.2352898908602,,
65.6862552082781,10.0112614531274,,
65.7862342877427,10.3125345761768,,
65.8862133672074,9.11734294698221,,
65.986192446672,9.29170232856251,,
66.0861715261367,7.71772834379271,,
66.1861506056013,7.06051767037935,,
66.286129685066,8.08051393676246,,
66.3861087645306,6.13810642165516,,
66.4860878439953,7.92437147681017,,
66.58606692346,9.8836157248329,,
66.6860460029246,8.71947783485006,,
66.7860250823893,10.9398515146451,,
66.8860041618539,11.5876677640168,,
66.9859832413186,10.7303472128363,,
67.0859623207832,10.7278313384808,,
67.1859414002479,13.9002705189669,,
67.2859204797125,16.4947999165424,,
67.3858995591772,17.9501310270723,,
67.4858786386419,19.8921770681086,,
67.5858577181065,21.6071611160831,,
67.6858367975712,20.9716187133489,,
67.7858158770358,22.01815573294,,
67.8857949565005,22.9909673982415,,
67.9857740359651,23.0678172275625,,
68.0857531154298,24.248825222606,,
68.1857321948944,25.7940608705489,,
68.2857112743591,29.1607670390628,,
68.3856903538237,30.9277684171795,,
68.4856694332884,32.3729900719176,,
68.5856485127531,36.7790954147046,,
68.6856275922177,37.7798436164414,,
68.7856066716824,39.1249115675142,,
68.885585751147,41.4906535163624,,
68.9855648306117,42.3425891450187,,
69.0855439100763,45.0415990136003,,
69.185522989541,47.1800320083187,,
69.2855020690056,47.9956563236543,,
69.3854811484703,48.6671906500876,,
69.4854602279349,48.5441671139722,,
69.5854393073996,49.8920140074494,,
69.6854183868643,50.0478364643199,,
69.7853974663289,49.8037689458485,,
69.8853765457936,50.4213618022638,,
69.9853556252582,48.3791712557037,,
70.0853347047229,47.1256943830237,,
70.1853137841875,47.3779951571084,,
70.2852928636522,46.8684820582313,,
70.3852719431168,46.3870123562903,,
70.4852510225815,48.6433028377016,,
70.5852301020461,51.0871324670409,,
70.6852091815108,48.9328347075358,,
70.7851882609754,49.0874543661561,,
70.8851673404401,49.4764373833723,,
70.9851464199048,47.9925403363327,,
71.0851254993694,47.346631267402,,
71.1851045788341,46.937378604941,,
71.2850836582987,45.5982165402699,,
71.3850627377634,43.9356059142332,,
71.485041817228,41.4819355096181,,
71.5850208966927,41.8590610475056,,
71.6849999761573,39.5714532881475,,
71.784979055622,36.9308361295444,,
71.8849581350866,37.7916637618509,,
71.9849372145513,35.9370570804513,,
72.084916294016,34.1706306097978,,
72.1848953734806,32.6654775726449,,
72.2848744529453,29.0464832002287,,
72.3848535324099,25.0091642967446,,
72.4848326118746,22.4070150156232,,
72.5848116913392,18.2976128589827,,
72.6847907708039,14.4828759248868,,
72.7847698502685,12.1011196117074,,
72.8847489297332,8.45034307881582,,
72.9847280091979,7.09445755463959,,
73.0847070886625,2.78941592944328,,
73.1846861681272,-0.0535554029573149,,
73.2846652475918,-1.14879924329159,,
73.3846443270565,-4.38880873818219,,
73.4846234065211,-5.52729673268846,,
73.5846024859858,-5.40578971175923,,
73.6845815654504,-8.95174655995483,,
73.7845606449151,-10.092660865989,,
73.8845397243797,-11.9018548869847,,
73.9845188038444,-14.9178693087397,,
74.0844978833091,-17.1946459944027,,
74.1844769627737,-17.2077909567014,,
74.2844560422384,-18.3162564876051,,
74.384435121703,-21.0962125032806,,
74.4844142011677,-20.8272651555403,,
74.5843932806323,-20.8166010363433,,
74.684372360097,-22.9113141271537,,
74.7843514395616,-23.2024443574747,,
74.8843305190263,-22.9819644425345,,
74.9843095984909,-23.162282793344,,
75.0842886779556,-24.4443229210258,,
75.1842677574203,-23.0632901693715,,
75.2842468368849,-22.9486017322719,,
75.3842259163496,-23.7413843879672,,
75.4842049958142,-25.3439491884148,,
75.5841840752789,-26.0353928200465,,
75.6841631547435,-26.4319244721139,,
75.7841422342082,-27.7050230613505,,
75.8841213136728,-25.5754952470414,,
75.9841003931375,-23.9811544604519,,
76.0840794726021,-25.4312101956427,,
76.1840585520668,-23.3634156438406,,
76.2840376315314,-21.8335599793429,,
76.3840167109961,-20.4359257701296,,
76.4839957904608,-18.9834584528512,,
76.5839748699254,-18.675792748863,,
76.6839539493901,-16.6410059572699,,
76.7839330288547,-16.1565125355786,,
76.8839121083194,-14.496928777479,,
76.983891187784,-14.793794239547,,
77.0838702672487,-13.3741416033176,,
77.1838493467133,-12.9153321044337,,
77.283828426178,-10.107243345856,,
77.3838075056427,-9.46620405201743,,
77.4837865851073,-9.30849139921291,,
77.583765664572,-5.40045335761479,,
77.6837447440366,-5.06747488102984,,
77.7837238235013,-3.93269754431323,,
77.8837029029659,-1.83195955109159,,
77.9836819824306,-0.815312617373493,,
78.0836610618952,-1.07505053238582,,
78.1836401413599,0.33737797361438,,
78.2836192208245,2.77517148085123,,
78.3835983002892,1.92950434246653,,
78.4835773797539,2.97304556149213,,
78.5835564592185,5.94450321440391,,
78.6835355386832,6.91754990897351,,
78.7835146181478,8.5612551610831,,
78.8834936976125,11.1173516231552,,
78.9834727770771,11.5908264886293,,
79.0834518565418,12.9031669043981,,
79.1834309360064,13.1574463020996,,
79.2834100154711,14.9836223583713,,
79.3833890949358,14.3507405495796,,
79.4833681744004,14.8958634028624,,
79.5833472538651,16.1056660139508,,
79.6833263333297,15.7414301742888,,
79.7833054127944,16.7415913505187,,
79.883284492259,18.3312400020926,,
79.9832635717237,19.1276232548238,,
80.0832426511883,20.2434498109363,,
80.183221730653,21.5562326328235,,
80.2832008101176,23.5365452502538,,
80.3831798895823,24.9723686345553,,
80.4831589690469,24.7338337009374,,
80.5831380485116,26.8263098897686,,
80.6831171279763,27.1173629323636,,
80.7830962074409,25.4165314020902,,
80.8830752869056,26.8857279351389,,
80.9830543663702,28.414746419735,,
81.0830334458349,27.9343764874289,,
81.1830125252995,30.4731075821021,,
81.2829916047642,31.7574569590864,,
81.3829706842288,32.1379198974924,,
81.4829497636935,31.9326561890828,,
81.5829288431581,32.1710501066318,,
81.6829079226228,33.6807663499286,,
81.7828870020874,32.9515884859666,,
81.8828660815521,32.3826975876855,,
81.9828451610168,35.9176685911878,,
82.0828242404814,35.0036690012643,,
82.1828033199461,35.1654380434207,,
82.2827823994107,38.1207502646045,,
82.3827614788754,39.8847638013632,,
82.48274055834,39.4675643034219,,
82.5827196378047,39.0427998919444,,
82.6826987172693,37.6565683431845,,
82.782677796734,37.2998795353301,,
82.8826568761987,37.6075090674855,,
82.9826359556633,39.0147775045693,,
83.082615035128,39.6013010038224,,
83.1825941145926,37.9984733060451,,
83.2825731940573,39.7554903215624,,
83.3825522735219,40.0091544296115,,
83.4825313529866,38.7789474576353,,
83.5825104324512,38.8888522966612,,
83.6824895119159,38.5809065231278,,
83.7824685913806,39.582414230245,,
83.8824476708452,38.8156163386641,,
83.9824267503099,40.7294582779856,,
84.0824058297745,44.3879668415787,,
84.1823849092392,43.5635327662047,,
84.2823639887038,44.6267994699302,,
84.3823430681685,46.7393826935212,,
84.4823221476331,46.1417944515684,,
84.5823012270978,46.655072927556,,
84.6822803065624,46.9556809911893,,
84.7822593860271,45.400504670098,,
84.8822384654918,46.7174355062266,,
84.9822175449564,48.2354810949767,,
85.0821966244211,47.8414994811822,,
85.1821757038857,47.3503598597812,,
85.2821547833504,47.4263262057057,,
85.382133862815,47.9622716340878,,
85.4821129422797,48.4179480820148,,
85.5820920217443,47.0718327119314,,
85.682071101209,46.6569744471325,,
85.7820501806736,46.8405158255508,,
85.8820292601383,45.1914792049008,,
85.9820083396029,45.1010799457662,,
86.0819874190676,45.1390685735499,,
86.1819664985323,41.3788473631793,,
86.2819455779969,41.350485324862,,
86.3819246574616,42.7786744615202,,
86.4819037369262,41.5934649124913,,
86.5818828163909,42.647253530404,,
86.6818618958555,43.4488554673209,,
86.7818409753202,41.7302460318548,,
86.8818200547848,42.6117687869346,,
86.9817991342495,42.973436543066,,
87.0817782137141,43.1999326555756,,
87.1817572931788,42.184482284632,,
87.2817363726435,38.3226494687199,,
87.3817154521081,40.5117269435114,,
87.4816945315728,40.90551348001,,
87.5816736110374,36.3585714763827,,
87.6816526905021,36.0956806988904,,
87.7816317699667,33.0323042495006,,
87.8816108494314,31.2525874274919,,
87.981589928896,32.3445770876356,,
88.0815690083607,31.9340487918027,,
88.1815480878253,31.672120538475,,
88.28152716729,29.2332264364052,,
88.3815062467547,29.5218981355897,,
88.4814853262193,31.7251614101472,,
88.581464405684,28.3726404750257,,
88.6814434851486,27.1670859320173,,
88.7814225646133,27.0512242339923,,
88.8814016440779,25.0547465059108,,
88.9813807235426,26.0240592878666,,
89.0813598030072,25.5100940405158,,
89.1813388824719,26.4857487577054,,
89.2813179619366,25.9095553678969,,
89.3812970414012,24.8318290419687,,
89.4812761208659,27.0672923492758,,
89.5812552003305,26.9142914306609,,
89.6812342797952,24.9427238208876,,
89.7812133592598,24.6869669495647,,
89.8811924387245,24.7056779954148,,
89.9811715181891,24.577775930425,,
90.0811505976538,23.6128199684799,,
90.1811296771184,22.2889088162398,,
90.2811087565831,21.0291035288653,,
90.3810878360478,19.5296634418521,,
90.4810669155124,19.3974256510198,,
90.5810459949771,19.8436497110895,,
90.6810250744417,18.475440320479,,
90.7810041539064,18.0951560213787,,
90.880983233371,18.835862682302,,
90.9809623128357,18.3439644101767,,
91.0809413923003,21.556217913956,,
91.180920471765,21.0120986608605,,
91.2808995512296,21.4606553154646,,
91.3808786306943,24.2026507211297,,
91.480857710159,24.2326787257233,,
91.5808367896236,24.8001729377808,,
91.6808158690883,23.7603821326036,,
91.7807949485529,24.797300550855,,
91.8807740280176,25.4733528241958,,
91.9807531074822,23.8480118345038,,
92.0807321869469,25.7546671524424,,
92.1807112664115,26.8536989575015,,
92.2806903458762,25.6032862794746,,
92.3806694253408,26.0996925390272,,
92.4806485048055,26.2181686676002,,
92.5806275842701,25.7404467031176,,
92.6806066637348,25.747966254421,,
92.7805857431995,23.0517832381524,,
92.8805648226641,22.5891888060943,,
92.9805439021288,21.0948581137287,,
93.0805229815934,20.2505283605014,,
93.1805020610581,20.5438965973131,,
93.2804811405227,18.7420123748448,,
93.3804602199874,18.1638277380117,,
93.480439299452,19.981497325802,,
93.5804183789167,19.4325343528178,,
93.6803974583814,19.3574070533013,,
93.780376537846,21.3528033409123,,
93.8803556173107,22.7781500242396,,
93.9803346967753,24.0378374786779,,
94.08031377624,23.9339722834897,,
94.1802928557046,24.9764462539987,,
94.2802719351693,27.4706855093426,,
94.3802510146339,26.6751454577723,,
94.4802300940986,29.6992144260256,,
94.5802091735632,30.3794663386525,,
94.6801882530279,29.8020172611639,,
94.7801673324926,30.6137787976646,,
94.8801464119572,30.4544201525002,,
94.9801254914219,31.6999686401018,,
95.0801045708865,30.9407237212822,,
95.1800836503512,30.527307771725,,
95.2800627298158,30.7790296772074,,
95.3800418092805,29.9467095204045,,
95.4800208887451,30.1702276226108,,
95.5799999682098,31.4937075398493,,
95.6799790476745,29.5763904189856,,
95.7799581271391,29.696082635557,,
95.8799372066038,28.3363064136408,,
95.9799162860684,29.22733252953,,
96.0798953655331,29.5763389248937,,
96.1798744449977,30.1128951978005,,
96.2798535244624,31.4574708006756,,
96.379832603927,32.5475081234143,,
96.4798116833917,31.7517611021652,,
96.5797907628563,33.4343855609338,,
96.679769842321,33.4382773084138,,
96.7797489217856,31.396348855903,,
96.8797280012503,32.9185216059856,,
96.979707080715,34.3464773518184,,
97.0796861601796,31.5517068056865,,
97.1796652396443,32.3942339433577,,
97.2796443191089,32.6771442664398,,
97.3796233985736,33.0272402129134,,
97.4796024780382,34.5885710621372,,
97.5795815575029,36.1800607603171,,
97.6795606369675,37.1605485631834,,
97.7795397164322,37.147783823041,,
97.8795187958968,35.3087481524566,,
97.9794978753615,35.9715229684931,,
98.0794769548261,35.9430062712637,,
98.1794560342908,36.1722253592498,,
98.2794351137555,36.5017156861973,,
98.3794141932201,34.5974009116313,,
98.4793932726848,34.4883391233786,,
98.5793723521494,33.4911650387947,,
98.6793514316141,32.7497709157041,,
98.7793305110787,31.306211661098,,
98.8793095905434,31.6117078894772,,
98.979288670008,32.5906439078134,,
99.0792677494727,30.505096328293,,
99.1792468289374,30.6099826092684,,
99.279225908402,30.6042373749522,,
99.3792049878667,28.4163067660749,,
99.4791840673313,30.3694374807779,,
99.579163146796,29.9516895524845,,
99.6791422262606,29.0374466268353,,
99.7791213057253,28.6718466097202,,
99.8791003851899,27.0354824895089,,
99.9790794646546,27.5047303939624,,
100.079058544119,28.3250979728183,,
100.179037623584,27.0810334051198,,
100.279016703049,30.4696991854927,,
100.378995782513,30.6708237597391,,
100.478974861978,30.0987355083524,,
100.578953941443,32.1393436960623,,
100.678933020907,31.4511282384234,,
100.778912100372,30.6698964834629,,
100.878891179836,30.7185741457694,,
100.978870259301,30.1142589156925,,
101.078849338766,29.7383456957647,,
101.17882841823,28.4823016611431,,
101.278807497695,28.9098246276476,,
101.37878657716,29.1930701125706,,
101.478765656624,27.0254109197312,,
101.578744736089,27.8900093462965,,
101.678723815554,28.0325361268932,,
101.778702895018,26.4275552838303,,
101.878681974483,27.5621841275681,,
101.978661053948,30.1656019839534,,
102.078640133412,31.4963821388218,,
102.178619212877,31.016042279152,,
102.278598292342,31.9798901513134,,
102.378577371806,31.9214700161699,,
102.478556451271,32.4683421976345,,
102.578535530736,34.7856063184844,,
102.6785146102,35.7758505343608,,
102.778493689665,36.1588298060239,,
102.87847276913,35.4798825100245,,
102.978451848594,36.5185831519272,,
103.078430928059,34.8923010214612,,
103.178410007524,33.8801830371302,,
103.278389086988,35.9259131419671,,
103.378368166453,35.6684913422112,,
103.478347245918,34.923005963608,,
103.578326325382,35.1472007975162,,
103.678305404847,36.5408611755396,,
103.778284484311,37.6933462516087,,
103.878263563776,37.6192780202929,,
103.978242643241,37.8993764997152,,
104.078221722705,38.1685963455166,,
104.17820080217,38.0448309610605,,
104.278179881635,38.6783253547303,,
104.378158961099,38.3238205063085,,
104.478138040564,39.7686861527318,,
104.578117120029,38.8795457971707,,
104.678096199493,40.0661971417761,,
104.778075278958,40.9114418886789,,
104.878054358423,40.0140814983706,,
104.978033437887,42.0992659794857,,
105.078012517352,42.9542722976028,,
105.177991596817,44.3684996996209,,
105.277970676281,46.5317600649335,,
105.377949755746,47.7999594853266,,
105.477928835211,46.7427391194555,,
105.577907914675,47.3541670001642,,
105.67788699414,46.298458258272,,
105.777866073605,46.2466916285033,,
105.877845153069,46.6775599578082,,
105.977824232534,46.9981587366161,,
106.077803311999,47.2151599666165,,
106.177782391463,46.4476360462031,,
106.277761470928,47.4999606279034,,
106.377740550392,48.9024371845217,,
106.477719629857,47.6588310059498,,
106.577698709322,48.385168731616,,
106.677677788786,49.0075747380171,,
106.777656868251,48.5993056027145,,
106.877635947716,48.6721389236347,,
106.97761502718,48.7830661582887,,
107.077594106645,49.2247216530831,,
107.17757318611,49.5217868778802,,
107.277552265574,49.2944265705015,,
107.377531345039,51.8430613497901,,
107.477510424504,51.8380487375023,,
107.577489503968,51.3968548529361,,
107.677468583433,53.5787123735728,,
107.777447662898,51.562167285325,,
107.877426742362,52.3587069005288,,
107.977405821827,52.3282279340911,,
108.077384901292,52.4741422560365,,
108.177363980756,54.7433286870924,,
108.277343060221,52.9334945469342,,
108.377322139686,54.4464351064751,,
108.47730121915,56.1443505589104,,
108.577280298615,54.6637998038717,,
108.67725937808,55.9065710638057,,
108.777238457544,58.1996288420804,,
108.877217537009,58.3880961563925,,
108.977196616474,59.2175885119558,,
109.077175695938,58.8756280473925,,
109.177154775403,58.706235920972,,
109.277133854867,58.5047105928738,,
109.377112934332,55.9182881684467,,
109.477092013797,58.1462207665869,,
109.577071093261,58.163657225001,,
109.677050172726,57.7678135080828,,
109.777029252191,59.1372820495365,,
109.877008331655,59.3584972991744,,
109.97698741112,60.335208677451,,
110.076966490585,61.1127749785978,,
110.176945570049,61.2062936141331,,
110.276924649514,58.9037654390505,,
110.376903728979,57.1479512615916,,
110.476882808443,59.1733016433537,,
110.576861887908,58.1179292887437,,
110.676840967373,58.0535862760487,,
110.776820046837,59.6852694265024,,
110.876799126302,57.1508469583341,,
110.976778205767,58.1991404442721,,
111.076757285231,58.7523327484548,,
111.176736364696,58.6769544655998,,
111.276715444161,58.0077794811925,,
111.376694523625,55.1868143586888,,
111.47667360309,55.9594586473344,,
111.576652682555,55.9135416500173,,
111.676631762019,52.4349298109037,,
111.776610841484,53.2611651862165,,
111.876589920948,53.101822645689,,
111.976569000413,52.0766412757404,,
112.076548079878,52.398244954521,,
112.176527159342,50.8751525097144,,
112.276506238807,49.5929772056233,,
112.376485318272,46.3376842377623,,
112.476464397736,46.0144568272451,,
112.576443477201,46.6552766541513,,
112.676422556666,44.9400503325366,,
112.77640163613,45.3671523797514,,
112.876380715595,45.4650085797373,,
112.97635979506,42.6188608545594,,
113.076338874524,44.2808727054457,,
113.176317953989,43.5838341961016,,
113.276297033454,41.998546291236,,
113.376276112918,43.5645273444216,,
113.476255192383,41.056838550315,,
113.576234271848,40.7861408919591,,
113.676213351312,38.6619138028953,,
113.776192430777,37.319747962258,,
113.876171510242,37.487634910366,,
113.976150589706,35.3936367029638,,
114.076129669171,34.1708957208473,,
114.176108748636,33.8003363381946,,
114.2760878281,32.1664030994314,,
114.376066907565,31.9263153161309,,
114.47604598703,32.3818469196536,,
114.576025066494,32.107849549301,,
114.676004145959,29.6499014672353,,
114.775983225423,30.1047056526527,,
114.875962304888,31.2125394163165,,
114.975941384353,29.379174962611,,
115.075920463817,30.3876171100519,,
115.175899543282,30.9282147331343,,
115.275878622747,30.2909189611311,,
115.375857702211,31.6009600126542,,
115.475836781676,31.0464969576143,,
115.575815861141,32.4236835457721,,
115.675794940605,31.6245183985802,,
115.77577402007,29.7491202565161,,
115.875753099535,31.2222739163911,,
115.975732178999,28.8449931414504,,
116.075711258464,25.5234084131674,,
116.175690337929,26.4801116475931,,
116.275669417393,23.1518946988054,,
116.375648496858,21.9742307890159,,
116.475627576323,23.1949403712866,,
116.575606655787,20.4404204399225,,
116.675585735252,21.5641649273977,,
116.775564814717,22.7331106652118,,
116.875543894181,22.2759628349893,,
116.975522973646,25.5222863577238,,
117.075502053111,25.4486218791761,,
117.175481132575,27.3778772732506,,
117.27546021204,30.865677185263,,
117.375439291504,30.8634421806505,,
117.475418370969,33.7767004242161,,
117.575397450434,36.0479231941568,,
117.675376529898,36.841537321737,,
117.775355609363,37.0306808030088,,
117.875334688828,36.9690890769387,,
117.975313768292,37.3195370571092,,
118.075292847757,35.8451371659253,,
118.175271927222,37.0216486893383,,
118.275251006686,38.0575338851585,,
118.375230086151,35.5975060893859,,
118.475209165616,36.6006751328809,,
118.57518824508,38.464387806409,,
118.675167324545,37.3539676869046,,
118.77514640401,37.0480764325741,,
118.875125483474,37.3552908467822,,
118.975104562939,38.0336532535583,,
119.075083642404,40.687787675165,,
119.175062721868,42.7913949033943,,
119.275041801333,45.8475473708649,,
119.375020880798,46.6640549421654,,
119.474999960262,47.3124569844841,,
119.574979039727,49.4940596991235,,
119.674958119192,49.7034914466317,,
119.774937198656,48.5480969956654,,
119.874916278121,48.8288998350489,,
119.974895357586,47.4850864622684,,
120.07487443705,46.8539845904133,,
120.174853516515,47.4896930828691,,
120.274832595979,46.4696611654893,,
120.374811675444,47.1412400585886,,
120.474790754909,47.5979249838237,,
120.574769834373,50.2386404830308,,
120.674748913838,52.2347801798198,,
120.774727993303,50.3528529642165,,
120.874707072767,52.2213824104242,,
120.974686152232,53.647442785885,,
121.074665231697,52.4932399045865,,
121.174644311161,53.6763685684001,,
121.274623390626,53.6611463350777,,
121.374602470091,52.8426847493301,,
121.474581549555,54.8775241914786,,
121.57456062902,56.7162689274494,,
121.674539708485,57.7710304078469,,
121.774518787949,58.216535238401,,
121.874497867414,59.7886246378958,,
121.974476946879,62.4637778669321,,
122.074456026343,62.0683090049725,,
122.174435105808,61.6173177516929,,
122.274414185273,62.8124962131877,,
122.374393264737,62.270160145046,,
122.474372344202,62.7281663599553,,
122.574351423667,62.7118515887343,,
122.674330503131,62.3263822680278,,
122.774309582596,62.8449886002837,,
122.87428866206,61.231590838399,,
122.974267741525,62.3936984700607,,
123.07424682099,61.7074359083789,,
123.174225900454,60.4740210662646,,
123.274204979919,61.2755439698685,,
123.374184059384,59.2391828597132,,
123.474163138848,58.2734473130099,,
123.574142218313,60.0588194875097,,
123.674121297778,58.4362791650241,,
123.774100377242,59.2705631300364,,
123.874079456707,60.5084892199187,,
123.974058536172,59.6787999889022,,
124.074037615636,60.2718617466125,,
124.174016695101,59.9436751542946,,
124.273995774566,60.4516766033442,,
124.37397485403,62.2104802029102,,
124.473953933495,61.3795606448465,,
124.57393301296,62.1795723524367,,
124.673912092424,63.151597549094,,
124.773891171889,62.0860798107705,,
124.873870251354,62.3490204548277,,
124.973849330818,64.2401770734017,,
125.073828410283,63.3725344216024,,
125.173807489748,62.754050885535,,
125.273786569212,62.6576849887957,,
125.373765648677,61.6955395054843,,
125.473744728142,60.1149601378534,,
125.573723807606,58.4905077999939,,
125.673702887071,58.9699378297521,,
125.773681966535,58.8753753939968,,
125.873661046,58.0776796689574,,
125.973640125465,57.9109316639987,,
126.073619204929,57.3566834712288,,
126.173598284394,57.8991679221692,,
126.273577363859,60.7764472562329,,
126.373556443323,62.424462747087,,
126.473535522788,63.0555478901468,,
126.573514602253,64.7393806334239,,
126.673493681717,65.9162104490316,,
126.773472761182,66.8590184515376,,
126.873451840647,67.8767243730941,,
126.973430920111,68.4117210334485,,
127.073409999576,68.1709234085306,,
127.173389079041,67.8004750179958,,
127.273368158505,68.3900677718364,,
127.37334723797,69.2616852891407,,
127.473326317435,68.662280480036,,
127.573305396899,69.1511198939868,,
127.673284476364,70.5846626191716,,
127.773263555829,71.2137637574706,,
127.873242635293,71.8942205077309,,
127.973221714758,73.784261166549,,
128.073200794223,74.3419675004343,,
128.173179873687,76.0262469151753,,
128.273158953152,75.9107864319999,,
128.373138032616,78.1131476908193,,
128.473117112081,78.9879587020978,,
128.573096191546,79.3323173129593,,
128.67307527101,79.4247545306889,,
128.773054350475,80.3629962462433,,
128.87303342994,80.5959831316476,,
128.973012509404,81.4298836901603,,
129.072991588869,85.3333740780274,,
129.172970668334,86.0572029843334,,
129.272949747798,86.6778082895619,,
129.372928827263,89.2098461145983,,
129.472907906728,87.5335816484505,,
129.572886986192,88.7590736758309,,
129.672866065657,90.856852524819,,
129.772845145122,90.1996218602003,,
129.872824224586,89.5990497863708,,
129.972803304051,90.020800263342,,
130.072782383516,90.2601602096191,,
130.17276146298,90.0590653383065,,
130.272740542445,89.9344670654355,,
130.37271962191,90.049640037342,,
130.472698701374,90.3078970411785,,
130.572677780839,90.2200963345054,,
130.672656860304,91.2058652839872,,
130.772635939768,90.6516377902645,,
130.872615019233,89.9548155949537,,
130.972594098698,92.6467762378404,,
131.072573178162,93.7279363641334,,
131.172552257627,93.5547933044502,,
131.272531337091,94.6108904993531,,
131.372510416556,97.0208411086931,,
131.472489496021,97.5037297215604,,
131.572468575485,96.3843578851642,,
131.67244765495,97.0578048243666,,
131.772426734415,96.551357694863,,
131.872405813879,94.8374998183713,,
131.972384893344,95.91332231771,,
132.072363972809,95.3220549997408,,
132.172343052273,95.0191102933691,,
132.272322131738,94.5089652351404,,
132.372301211203,94.3980638496424,,
132.472280290667,95.1595817829468,,
132.572259370132,93.2912729352877,,
132.672238449597,91.7277454725534,,
132.772217529061,90.913317791022,,
132.872196608526,88.9804224625528,,
132.972175687991,88.7143031415949,,
133.072154767455,86.7396889673657,,
133.17213384692,85.4225966893432,,
133.272112926385,84.4478306400987,,
133.372092005849,81.9332684678726,,
133.472071085314,82.2092721165226,,
133.572050164779,79.915967900907,,
133.672029244243,78.5425826079952,,
133.772008323708,79.4634047125006,,
133.871987403173,77.5103973392398,,
133.971966482637,76.5382182644836,,
134.071945562102,76.7891543372783,,
134.171924641566,75.6407990449855,,
134.271903721031,75.0868584527857,,
134.371882800496,76.9370109518222,,
134.47186187996,77.2104957228132,,
134.571840959425,75.5704573445082,,
134.67182003889,75.4691074400356,,
134.771799118354,74.4983237578687,,
134.871778197819,74.0843947338531,,
134.971757277284,71.9014633530545,,
135.071736356748,69.5430939911302,,
135.171715436213,68.7332847964236,,
135.271694515678,65.4950132505694,,
135.371673595142,64.4101777382351,,
135.471652674607,63.3627465833465,,
135.571631754072,60.3553826992355,,
135.671610833536,60.6443288122789,,
135.771589913001,59.0563886745826,,
135.871568992466,59.2262948842872,,
135.97154807193,59.5724514843085,,
136.071527151395,58.1461536712178,,
136.17150623086,58.7162811847033,,
136.271485310324,58.1694136944795,,
136.371464389789,58.9704445122702,,
136.471443469254,59.9574825992831,,
136.571422548718,58.4749989320761,,
136.671401628183,58.8549376682101,,
136.771380707647,58.8553326781209,,
136.871359787112,57.1334936205561,,
136.971338866577,55.9414948881506,,
137.071317946041,55.8614046848374,,
137.171297025506,56.0297983277602,,
137.271276104971,53.4723860839937,,
137.371255184435,52.1985340227189,,
137.4712342639,53.5975438858916,,
137.571213343365,50.3242662712202,,
137.671192422829,49.1134043915495,,
137.771171502294,49.2548033890013,,
137.871150581759,48.3680444532803,,
137.971129661223,46.5293604692615,,
138.071108740688,46.8111370432013,,
138.171087820153,46.8773306446184,,
138.271066899617,44.7652696196027,,
138.371045979082,44.5166698055292,,
138.471025058547,45.3629553201806,,
138.571004138011,44.5124664719992,,
138.670983217476,43.8273810806458,,
138.770962296941,44.0270287960825,,
138.870941376405,44.5501849100903,,
138.97092045587,45.1512795043202,,
139.070899535335,45.1665204227619,,
139.170878614799,46.9542469790376,,
139.270857694264,47.541006419796,,
139.370836773729,47.5059545291522,,
139.470815853193,48.01309102716,,
139.570794932658,46.9676672382958,,
139.670774012122,45.9444671669102,,
139.770753091587,43.5867844067926,,
139.870732171052,43.2493715191461,,
139.970711250516,43.0309207059201,,
140.070690329981,40.8964874531465,,
140.170669409446,41.2970210750192,,
140.27064848891,39.2752801088272,,
140.370627568375,38.0982614348929,,
140.47060664784,39.1436868729346,,
140.570585727304,38.2363859947728,,
140.670564806769,38.1542348143696,,
140.770543886234,37.7189911262692,,
140.870522965698,37.5965362523904,,
140.970502045163,35.8124271183713,,
141.070481124628,33.1885453314414,,
141.170460204092,33.5984918978577,,
141.270439283557,31.1873402335068,,
141.370418363022,29.3208842019015,,
141.470397442486,28.6278467784138,,
141.570376521951,27.6504714114187,,
141.670355601416,27.1275759249342,,
141.77033468088,25.7750663446368,,
141.870313760345,25.7156712305177,,
141.97029283981,24.43509386385,,
142.070271919274,22.1535197683393,,
142.170250998739,21.7326579921338,,
142.270230078204,20.6299360592672,,
142.370209157668,22.1437902982436,,
142.470188237133,20.956898171279,,
142.570167316597,20.0938125388459,,
142.670146396062,20.8435140373086,,
142.770125475527,19.1202397997886,,
142.870104554991,19.3747742222713,,
142.970083634456,19.3509255172493,,
143.070062713921,16.5365238891448,,
143.170041793385,15.1858381493276,,
143.27002087285,15.1534728269204,,
143.369999952315,13.5163485204222,,
143.469979031779,12.2273710742123,,
143.569958111244,10.3012474681962,,
143.669937190709,7.74985948815552,,
143.769916270173,6.52782774237629,,
143.869895349638,6.70392617119219,,
143.969874429103,4.42817666401115,,
144.069853508567,1.60903061588053,,
144.169832588032,1.59159443978743,,
144.269811667497,-0.763087488999105,,
144.369790746961,-3.26011525440833,,
144.469769826426,-4.67285716665521,,
144.569748905891,-6.42280742188208,,
144.669727985355,-7.4493782831058,,
144.76970706482,-9.3344164368693,,
144.869686144285,-10.2763679880665,,
144.969665223749,-8.93814740775665,,
145.069644303214,-11.305529015614,,
145.169623382678,-10.7963063912454,,
145.269602462143,-11.0107635209309,,
145.369581541608,-12.0509889583651,,
145.469560621072,-13.966484224244,,
145.569539700537,-13.582081362011,,
145.669518780002,-13.2826952635609,,
145.769497859466,-15.1108837376566,,
145.869476938931,-16.9048217472622,,
145.969456018396,-17.3770075051866,,
146.06943509786,-19.691135705944,,
146.169414177325,-22.1285780398988,,
146.26939325679,-24.114813562149,,
146.369372336254,-24.9484099284369,,
146.469351415719,-28.0405467283791,,
146.569330495184,-29.515274603737,,
146.669309574648,-30.45244525195,,
146.769288654113,-33.3269066364424,,
146.869267733578,-35.058531136396,,
146.969246813042,-38.5495434895195,,
147.069225892507,-40.4298034246607,,
147.169204971972,-43.2031518229341,,
147.269184051436,-46.3086333595316,,
147.369163130901,-48.2321768297397,,
147.469142210366,-52.3846260963186,,
147.56912128983,-56.7659043554899,,
147.669100369295,-59.348325254037,,
147.76907944876,-62.940193491757,,
147.869058528224,-64.9049498365831,,
147.969037607689,-67.6620499619193,,
148.069016687153,-70.0778068084908,,
148.168995766618,-73.6452063223183,,
148.268974846083,-78.4737983132552,,
148.368953925547,-82.4242017778038,,
148.468933005012,-87.7247831412452,,
148.568912084477,-90.6961902379109,,
148.668891163941,-94.5817911956121,,
148.768870243406,-100.117623565988,,
148.868849322871,-104.924424268329,,
148.968828402335,-109.310399497552,,
149.0688074818,-113.88197056355,,
149.168786561265,-119.895539891055,,
149.268765640729,-124.259153940609,,
149.368744720194,-128.875466727393,,
149.468723799659,-133.482217755292,,
149.568702879123,-137.566462063987,,
149.668681958588,-140.384311791031,,
149.768661038053,-145.433534324335,,
149.868640117517,-150.307928848459,,
149.968619196982,-155.233853005734,,
150.068598276447,-159.419985241695,,
150.168577355911,-165.87917520026,,
150.268556435376,-169.407198552926,,
150.368535514841,-173.308988252278,,
150.468514594305,-177.147582992883,,
150.56849367377,-182.611340924796,,
150.668472753234,-187.941082216578,,
150.768451832699,-192.022998611451,,
150.868430912164,-196.549084346472,,
150.968409991628,-198.329344619499,,
151.068389071093,-203.918548202698,,
151.168368150558,-208.065374518706,,
151.268347230022,-212.108098707663,,
151.368326309487,-213.534809137898,,
151.468305388952,-217.603170736936,,
151.568284468416,-218.93988837363,,
151.668263547881,-220.271583008185,,
151.768242627346,-224.12480108294,,
151.86822170681,-225.253441309526,,
151.968200786275,-227.130542370116,,
152.06817986574,-230.078109929474,,
152.168158945204,-233.444773397082,,
152.268138024669,-234.070294352553,,
152.368117104134,-234.988149680915,,
152.468096183598,-236.090483161592,,
152.568075263063,-239.005932044308,,
152.668054342528,-238.215078297789,,
152.768033421992,-238.510700103054,,
152.868012501457,-238.195506889905,,
152.967991580922,-238.168346658155,,
153.067970660386,-236.567514150789,,
153.167949739851,-238.371425429644,,
153.267928819316,-237.206920467427,,
153.36790789878,-236.01511415402,,
153.467886978245,-236.031285128335,,
153.567866057709,-236.327295803994,,
153.667845137174,-235.897008457625,,
153.767824216639,-234.995987225569,,
153.867803296103,-235.457689627688,,
153.967782375568,-235.961940585037,,
154.067761455033,-236.873563303629,,
154.167740534497,-236.139330987287,,
154.267719613962,-237.785125629526,,
154.367698693427,-237.675936675563,,
154.467677772891,-237.620609819221,,
154.567656852356,-238.904398638502,,
154.667635931821,-240.131229400824,,
154.767615011285,-239.186669260031,,
154.86759409075,-239.192430476883,,
154.967573170215,-240.37547003072,,
155.067552249679,-239.477082288598,,
155.167531329144,-240.678160156497,,
155.267510408609,-240.291446242501,,
155.367489488073,-241.608373092762,,
155.467468567538,-243.687642582619,,
155.567447647003,-243.421806990531,,
155.667426726467,-243.869790555715,,
155.767405805932,-247.207232272166,,
155.867384885397,-246.26546044966,,
155.967363964861,-247.436599219755,,
156.067343044326,-247.126335122495,,
156.16732212379,-246.211085615235,,
156.267301203255,-244.926547167884,,
156.36728028272,-248.120023043986,,
156.467259362184,-247.408101144817,,
156.567238441649,-249.600535162817,,
156.667217521114,-250.172702002166,,
156.767196600578,-250.630061583041,,
156.867175680043,-251.832832858311,,
156.967154759508,-251.872123861512,,
157.067133838972,-249.710293595424,,
157.167112918437,-251.654602086933,,
157.267091997902,-251.942851607947,,
157.367071077366,-254.449865592728,,
157.467050156831,-253.493839526883,,
157.567029236296,-255.713898177044,,
157.66700831576,-256.282087968532,,
157.766987395225,-258.43030182254,,
157.86696647469,-257.495283819942,,
157.966945554154,-259.899149851655,,
158.066924633619,-262.077848739,,
158.166903713084,-263.155216482395,,
158.266882792548,-264.431867251889,,
158.366861872013,-265.505747998455,,
158.466840951478,-266.350997926393,,
158.566820030942,-266.710103384343,,
158.666799110407,-267.235234170323,,
158.766778189872,-268.860672900505,,
158.866757269336,-269.831607753756,,
158.966736348801,-270.482728117208,,
159.066715428265,-271.453532758423,,
159.16669450773,-271.886184724093,,
159.266673587195,-272.434287005408,,
159.366652666659,-273.788077486379,,
159.466631746124,-275.481039973354,,
159.566610825589,-276.482830661109,,
159.666589905053,-277.270547523939,,
159.766568984518,-278.243102817121,,
159.866548063983,-281.338747460824,,
159.966527143447,-281.365085189437,,
160.066506222912,-282.922755232391,,
160.166485302377,-284.212423468812,,
160.266464381841,-285.750244948083,,
160.366443461306,-288.831754906172,,
160.466422540771,-289.39351351014,,
160.566401620235,-290.776755939633,,
160.6663806997,-293.43395720769,,
160.766359779165,-296.354531072796,,
160.866338858629,-296.410670076173,,
160.966317938094,-298.985348207247,,
161.066297017559,-300.107134836826,,
161.166276097023,-302.106793978708,,
161.266255176488,-303.447241231191,,
161.366234255953,-305.307370887405,,
161.466213335417,-306.226086333767,,
161.566192414882,-308.020695461945,,
161.666171494346,-306.242288132628,,
161.766150573811,-307.746961289645,,
161.866129653276,-306.566428659844,,
161.96610873274,-306.840656540179,,
162.066087812205,-310.091928650408,,
162.16606689167,-312.13062336543,,
162.266045971134,-313.384911614854,,
162.366025050599,-317.51981975787,,
162.466004130064,-318.933611111295,,
162.565983209528,-321.72201260421,,
162.665962288993,-324.919898775784,,
162.765941368458,-325.930317318395,,
162.865920447922,-326.719300396629,,
162.965899527387,-327.642121750927,,
163.065878606852,-326.299336455553,,
163.165857686316,-327.174886300169,,
163.265836765781,-326.76994117123,,
163.365815845246,-327.27922444279,,
163.46579492471,-328.799352505729,,
163.565774004175,-329.558813617812,,
163.66575308364,-330.242690235472,,
163.765732163104,-330.680530642657,,
163.865711242569,-330.18212255496,,
163.965690322034,-330.853599992693,,
164.065669401498,-332.173148661851,,
164.165648480963,-331.244125716195,,
164.265627560428,-328.949864787624,,
164.365606639892,-328.613050031244,,
164.465585719357,-327.906182102405,,
164.565564798821,-325.751321962396,,
164.665543878286,-325.787297561616,,
164.765522957751,-323.347647052942,,
164.865502037215,-321.259207542002,,
164.96548111668,-318.966910682913,,
165.065460196145,-316.663301868609,,
165.165439275609,-314.934048613557,,
165.265418355074,-312.824713549729,,
165.365397434539,-311.482949887423,,
165.465376514003,-310.408808065758,,
165.565355593468,-310.701621503599,,
165.665334672933,-306.221154180979,,
165.765313752397,-303.884217489621,,
165.865292831862,-302.945520534919,,
165.965271911327,-300.875617984929,,
166.065250990791,-301.668710520122,,
166.165230070256,-300.993691759519,,
166.265209149721,-301.827552927598,,
166.365188229185,-300.377392599073,,
166.46516730865,-303.179076265226,,
166.565146388115,-302.041293337987,,
166.665125467579,-302.107130282167,,
166.765104547044,-303.442807921493,,
166.865083626509,-302.720473373904,,
166.965062705973,-304.284593696122,,
167.065041785438,-304.990048492027,,
167.165020864902,-303.595246996751,,
167.264999944367,-303.780450320058,,
167.364979023832,-303.790607311953,,
167.464958103296,-303.55619969952,,
167.564937182761,-305.435578237552,,
167.664916262226,-304.417971495695,,
167.76489534169,-308.442804537283,,
167.864874421155,-308.214621629789,,
167.96485350062,-309.25307252147,,
168.064832580084,-309.880588834513,,
168.164811659549,-311.65691778651,,
168.264790739014,-313.509681527749,,
168.364769818478,-313.537503539551,,
168.464748897943,-317.980078925181,,
168.564727977408,-319.337434157824,,
168.664707056872,-321.40295975185,,
168.764686136337,-323.230944407121,,
168.864665215802,-327.265043538302,,
168.964644295266,-328.078033178439,,
169.064623374731,-332.558630952189,,
169.164602454196,-335.9778052403,,
169.26458153366,-337.947914295487,,
169.364560613125,-341.22317428043,,
169.46453969259,-342.815673982666,,
169.564518772054,-346.901727349132,,
169.664497851519,-349.238921188382,,
169.764476930984,-353.163442500225,,
169.864456010448,-356.64556309068,,
169.964435089913,-357.796425961111,,
170.064414169377,-362.129645021815,,
170.164393248842,-362.970917156443,,
170.264372328307,-366.153267495515,,
170.364351407771,-368.589629994293,,
170.464330487236,-369.717871543837,,
170.564309566701,-371.201837834764,,
170.664288646165,-373.266703374685,,
170.76426772563,-376.60863575852,,
170.864246805095,-377.417038453391,,
170.964225884559,-380.049035606086,,
171.064204964024,-383.035278411129,,
171.164184043489,-385.282638678064,,
171.264163122953,-385.679173209084,,
171.364142202418,-386.601001646177,,
171.464121281883,-389.264421965785,,
171.564100361347,-390.507937297847,,
171.664079440812,-392.007451918104,,
171.764058520277,-393.631529677306,,
171.864037599741,-392.960210588974,,
171.964016679206,-395.220326659143,,
172.063995758671,-393.855009128823,,
172.163974838135,-396.877380291472,,
172.2639539176,-399.315269922416,,
172.363932997065,-399.595655325581,,
172.463912076529,-403.313241808839,,
172.563891155994,-404.624872952468,,
172.663870235458,-407.746342665119,,
172.763849314923,-411.182163908751,,
172.863828394388,-413.294539572851,,
172.963807473852,-416.357106401076,,
173.063786553317,-418.915191328847,,
173.163765632782,-419.591920032994,,
173.263744712246,-421.51833000572,,
173.363723791711,-422.625056961947,,
173.463702871176,-423.056734559436,,
173.56368195064,-426.951001123437,,
173.663661030105,-427.412997795586,,
173.76364010957,-429.013961513351,,
173.863619189034,-432.096816265991,,
173.963598268499,-432.216504021948,,
174.063577347964,-435.132170995307,,
174.163556427428,-435.985915641716,,
174.263535506893,-437.994486124518,,
174.363514586358,-439.543899395983,,
174.463493665822,-441.350079925283,,
174.563472745287,-443.900490128701,,
174.663451824752,-443.091697731918,,
174.763430904216,-445.719091246118,,
174.863409983681,-446.214262705376,,
174.963389063146,-448.195122038982,,
175.06336814261,-448.812538807056,,
175.163347222075,-449.315420356729,,
175.26332630154,-452.815871159672,,
175.363305381004,-453.01175345365,,
175.463284460469,-455.86828605178,,
175.563263539933,-455.624751289128,,
175.663242619398,-457.418064582474,,
175.763221698863,-460.234836205538,,
175.863200778327,-459.998928732968,,
175.963179857792,-463.501189138299,,
176.063158937257,-464.746690676479,,
176.163138016721,-464.976588880339,,
176.263117096186,-469.120189961674,,
176.363096175651,-470.192822558215,,
176.463075255115,-470.739740087082,,
176.56305433458,-470.08984632613,,
176.663033414045,-471.55840107622,,
176.763012493509,-471.296919021654,,
176.862991572974,-471.431502841488,,
176.962970652439,-472.68700624273,,
177.062949731903,-469.662959073107,,
177.162928811368,-472.907955471106,,
177.262907890833,-474.798240408523,,
177.362886970297,-472.127222935707,,
177.462866049762,-476.928482517881,,
177.562845129227,-475.215029686367,,
177.662824208691,-474.768787318326,,
177.762803288156,-480.876088243217,,
177.862782367621,-479.521748632679,,
177.962761447085,-480.94631882573,,
178.06274052655,-485.856851354872,,
178.162719606014,-482.579086914507,,
178.262698685479,-486.060739529506,,
178.362677764944,-490.285282475261,,
178.462656844408,-489.780667971495,,
178.562635923873,-493.899536960808,,
178.662615003338,-496.907808715766,,
178.762594082802,-496.579989912495,,
178.862573162267,-498.789341947653,,
178.962552241732,-499.450481683902,,
179.062531321196,-501.538931940601,,
179.162510400661,-503.783199558144,,
179.262489480126,-504.157310401861,,
179.36246855959,-503.790417891048,,
179.462447639055,-504.301898780814,,
179.56242671852,-504.799589963102,,
179.662405797984,-504.202441749811,,
179.762384877449,-502.716890439714,,
179.862363956914,-500.895393614626,,
179.962343036378,-500.119665133911,,
180.062322115843,-498.097120764928,,
180.162301195308,-499.314203405184,,
180.262280274772,-498.781331037765,,
180.362259354237,-497.015139125872,,
180.462238433702,-496.444281523795,,
180.562217513166,-496.670449555896,,
180.662196592631,-495.458065262697,,
180.762175672096,-494.868697738098,,
180.86215475156,-494.779664447909,,
180.962133831025,-495.393808044879,,
181.062112910489,-497.994778564078,,
181.162091989954,-499.210542830795,,
181.262071069419,-498.322621707229,,
181.362050148883,-499.409066120955,,
181.462029228348,-501.089544227579,,
181.562008307813,-498.557545117781,,
181.661987387277,-499.073145423755,,
181.761966466742,-499.75669072416,,
181.861945546207,-495.874614401686,,
181.961924625671,-497.305119976266,,
182.061903705136,-500.216068376585,,
182.161882784601,-496.726744052953,,
182.261861864065,-495.288519999113,,
182.36184094353,-497.917523502651,,
182.461820022995,-494.405000129717,,
182.561799102459,-494.623810696368,,
182.661778181924,-497.903609742526,,
182.761757261389,-494.027560883531,,
182.861736340853,-494.713029182351,,
182.961715420318,-498.0334360462,,
183.061694499783,-492.735635513909,,
183.161673579247,-494.511246735496,,
183.261652658712,-496.488088163332,,
183.361631738177,-492.733941881718,,
183.461610817641,-494.749417667092,,
183.561589897106,-497.367004026239,,
183.66156897657,-493.879809851318,,
183.761548056035,-497.628754735287,,
183.8615271355,-500.837909182814,,
183.961506214964,-497.527076674518,,
184.061485294429,-501.094905256072,,
184.161464373894,-501.20596821967,,
184.261443453358,-498.645503134038,,
184.361422532823,-502.574451378016,,
184.461401612288,-500.955160670236,,
184.561380691752,-499.128901876836,,
184.661359771217,-502.55428909232,,
184.761338850682,-500.799673466676,,
184.861317930146,-498.616301349957,,
184.961297009611,-501.111719009536,,
185.061276089076,-500.69907282502,,
185.16125516854,-498.1378016895,,
185.261234248005,-501.000284319395,,
185.36121332747,-502.109748664841,,
185.461192406934,-500.416736017126,,
185.561171486399,-501.991112916505,,
185.661150565864,-503.028825571829,,
185.761129645328,-502.545179873577,,
185.861108724793,-505.304991998849,,
185.961087804258,-505.742163647771,,
186.061066883722,-504.582392681132,,
186.161045963187,-505.283673144108,,
186.261025042652,-506.474442174418,,
186.361004122116,-504.772197080928,,
186.460983201581,-506.437516480564,,
186.560962281045,-508.874968058009,,
186.66094136051,-510.381160515289,,
186.760920439975,-511.216861297137,,
186.860899519439,-513.085720442882,,
186.960878598904,-514.66625289682,,
187.060857678369,-515.579793556279,,
187.160836757833,-514.584443847562,,
187.260815837298,-516.468363636411,,
187.360794916763,-515.84606096247,,
187.460773996227,-514.519193222006,,
187.560753075692,-516.229863042505,,
187.660732155157,-515.082288696112,,
187.760711234621,-514.888650452376,,
187.860690314086,-515.831446892651,,
187.960669393551,-513.073400811631,,
188.060648473015,-513.036086144515,,
188.16062755248,-513.618277626764,,
188.260606631945,-510.633840428581,,
188.360585711409,-511.68548570024,,
188.460564790874,-512.385320323746,,
188.560543870339,-510.981114271699,,
188.660522949803,-511.833330364572,,
188.760502029268,-512.042940256001,,
188.860481108733,-510.959623452982,,
188.960460188197,-509.876018447393,,
189.060439267662,-509.401810911686,,
189.160418347126,-508.369347283432,,
189.260397426591,-506.357758457918,,
189.360376506056,-503.916106638175,,
189.46035558552,-503.357882574765,,
189.560334664985,-500.198549262992,,
189.66031374445,-499.905184609392,,
189.760292823914,-502.395544183248,,
189.860271903379,-501.020823659462,,
189.960250982844,-503.171366985531,,
190.060230062308,-507.299642562396,,
190.160209141773,-507.138862244676,,
190.260188221238,-508.49400821206,,
190.360167300702,-512.368086322879,,
190.460146380167,-511.029479056447,,
190.560125459632,-508.702936994478,,
190.660104539096,-513.040013701687,,
190.760083618561,-513.195323023892,,
190.860062698026,-509.983786337805,,
190.96004177749,-511.377102159684,,
191.060020856955,-516.382690325243,,
191.15999993642,-515.537409504533,,
191.259979015884,-513.140879940298,,
191.359958095349,-518.339764007244,,
191.459937174814,-519.64419494702,,
191.559916254278,-515.382419588432,,
191.659895333743,-519.172764388213,,
191.759874413208,-522.985774072939,,
191.859853492672,-520.668077604475,,
191.959832572137,-522.741404381574,,
192.059811651601,-526.009114742948,,
192.159790731066,-525.56900321471,,
192.259769810531,-527.122289010969,,
192.359748889995,-530.758658760093,,
192.45972796946,-529.439331514417,,
192.559707048925,-530.379252778942,,
192.659686128389,-534.653778523285,,
192.759665207854,-533.671435493298,,
192.859644287319,-532.01463321792,,
192.959623366783,-536.793784435468,,
193.059602446248,-539.375274158815,,
193.159581525713,-539.847294713308,,
193.259560605177,-544.293425108251,,
193.359539684642,-547.729889808513,,
193.459518764107,-548.0791728795,,
193.559497843571,-550.827828019462,,
193.659476923036,-555.53784844317,,
193.759456002501,-557.778453723543,,
193.859435081965,-558.600126743145,,
193.95941416143,-560.519015114837,,
194.059393240895,-561.715900765223,,
194.159372320359,-561.20121916067,,
194.259351399824,-564.005155867291,,
194.359330479289,-567.997114332822,,
194.459309558753,-568.39930442046,,
194.559288638218,-570.169407047674,,
194.659267717683,-572.172942491513,,
194.759246797147,-572.573195794667,,
194.859225876612,-575.634805967655,,
194.959204956076,-577.698201975597,,
195.059184035541,-581.115541330829,,
195.159163115006,-584.560616349705,,
195.25914219447,-588.980402808463,,
195.359121273935,-590.461273190847,,
195.4591003534,-589.865739623031,,
195.559079432864,-591.323437283846,,
195.659058512329,-591.60944007239,,
195.759037591794,-589.408849629503,,
195.859016671258,-590.484501383639,,
195.958995750723,-592.230455217367,,
196.058974830188,-590.037548647181,,
196.158953909652,-588.165531652449,,
196.258932989117,-591.003259914694,,
196.358912068582,-590.945727030217,,
196.458891148046,-588.47075450191,,
196.558870227511,-589.847721902813,,
196.658849306976,-591.443056297579,,
196.75882838644,-591.777453340933,,
196.858807465905,-591.028237359873,,
196.95878654537,-591.639575674392,,
197.058765624834,-593.340861050295,,
197.158744704299,-592.091938968224,,
197.258723783764,-593.708676273259,,
197.358702863228,-596.822316617232,,
197.458681942693,-597.712310896482,,
197.558661022157,-597.413290452288,,
197.658640101622,-599.923908314832,,
197.758619181087,-602.074109590013,,
197.858598260551,-603.815414125913,,
197.958577340016,-605.510391345487,,
198.058556419481,-607.929294388246,,
198.158535498945,-611.836310429837,,
198.25851457841,-612.595786738157,,
198.358493657875,-613.474813388856,,
198.458472737339,-616.394990433063,,
198.558451816804,-619.670604072068,,
198.658430896269,-621.597610869575,,
198.758409975733,-620.864261992084,,
198.858389055198,-619.612820294351,,
198.958368134663,-620.588435813591,,
199.058347214127,-620.990981018683,,
199.158326293592,-621.176120017819,,
199.258305373057,-625.968008719751,,
199.358284452521,-627.715633525814,,
199.458263531986,-628.253817990087,,
199.558242611451,-631.411754480023,,
199.658221690915,-634.107601131864,,
199.75820077038,-634.87446124284,,
199.858179849845,-637.751960308517,,
199.958158929309,-641.55577266981,,
200.058138008774,-643.676348321659,,
200.158117088239,-646.400556306083,,
200.258096167703,-648.566658865798,,
200.358075247168,-650.118608311544,,
200.458054326632,-653.581184393642,,
200.558033406097,-654.522945556205,,
200.658012485562,-655.6355608562,,
200.757991565026,-658.118023247173,,
200.857970644491,-660.472144842832,,
200.957949723956,-661.995198839683,,
201.05792880342,-661.877431589345,,
201.157907882885,-663.448768025813,,
201.25788696235,-665.8325983482,,
201.357866041814,-666.907525260137,,
201.457845121279,-667.315387035537,,
201.557824200744,-670.334722901345,,
201.657803280208,-672.151629218821,,
201.757782359673,-673.718929560511,,
201.857761439138,-678.211320042768,,
201.957740518602,-682.32201063602,,
202.057719598067,-681.80927940764,,
202.157698677532,-683.183281120258,,
202.257677756996,-686.413013007559,,
202.357656836461,-689.04595167876,,
202.457635915926,-691.545864581373,,
202.55761499539,-694.015794722051,,
202.657594074855,-698.705769271129,,
202.75757315432,-701.368110844681,,
202.857552233784,-701.562203205314,,
202.957531313249,-703.453966792085,,
203.057510392713,-707.180220891775,,
203.157489472178,-708.440270910509,,
203.257468551643,-708.415238102039,,
203.357447631107,-713.531881780253,,
203.457426710572,-715.273529703027,,
203.557405790037,-714.821371078708,,
203.657384869501,-717.517944162382,,
203.757363948966,-721.453937223202,,
203.857343028431,-723.869705533749,,
203.957322107895,-722.077092067303,,
204.05730118736,-722.288971142877,,
204.157280266825,-726.276436764134,,
204.257259346289,-728.645488658764,,
204.357238425754,-728.951932054376,,
204.457217505219,-730.937208951996,,
204.557196584683,-732.898490447769,,
204.657175664148,-733.048627126754,,
204.757154743613,-732.686788320065,,
204.857133823077,-734.894339450542,,
204.957112902542,-738.059043584771,,
205.057091982007,-740.879995023272,,
205.157071061471,-742.49084145005,,
205.257050140936,-744.722370830137,,
205.357029220401,-747.20650095058,,
205.457008299865,-749.041781873481,,
205.55698737933,-749.712631391521,,
205.656966458795,-751.681999427588,,
205.756945538259,-757.477762595725,,
205.856924617724,-758.586112657595,,
205.956903697188,-757.934791388234,,
206.056882776653,-762.812150724046,,
206.156861856118,-767.354566518605,,
206.256840935582,-767.484086194561,,
206.356820015047,-767.953352063313,,
206.456799094512,-769.642635403099,,
206.556778173976,-769.865472858179,,
206.656757253441,-771.203421625081,,
206.756736332906,-772.765072512885,,
206.85671541237,-775.980100008248,,
206.956694491835,-777.542464367176,,
207.0566735713,-777.853630385342,,
207.156652650764,-779.977602811793,,
207.256631730229,-783.12329258511,,
207.356610809694,-783.338715986264,,
207.456589889158,-783.745428145269,,
207.556568968623,-788.168978171111,,
207.656548048088,-790.105612996462,,
207.756527127552,-791.940471001053,,
207.856506207017,-794.069938504309,,
207.956485286482,-797.285146423656,,
208.056464365946,-799.574139745655,,
208.156443445411,-801.294638357545,,
208.256422524876,-803.525017903066,,
208.35640160434,-807.51468562492,,
208.456380683805,-810.275418189131,,
208.556359763269,-813.272003883915,,
208.656338842734,-817.53077336874,,
208.756317922199,-823.160941798683,,
208.856297001663,-824.978802861643,,
208.956276081128,-826.121224849588,,
209.056255160593,-829.338432909816,,
209.156234240057,-835.608879789629,,
209.256213319522,-838.875679154822,,
209.356192398987,-840.26208739627,,
209.456171478451,-841.623193590898,,
209.556150557916,-843.551009301232,,
209.656129637381,-846.889442591313,,
209.756108716845,-848.874165627456,,
209.85608779631,-849.565136386641,,
209.956066875775,-851.769309171501,,
210.056045955239,-856.06410802139,,
210.156025034704,-856.67900739517,,
210.256004114169,-857.507463215744,,
210.355983193633,-858.377218359937,,
210.455962273098,-860.633500208738,,
210.555941352563,-863.336697886324,,
210.655920432027,-863.182880582199,,
210.755899511492,-863.343160996863,,
210.855878590957,-867.80647880311,,
210.955857670421,-870.591070769183,,
211.055836749886,-871.515920906942,,
211.155815829351,-873.936216734108,,
211.255794908815,-877.499411523983,,
211.35577398828,-879.332496790058,,
211.455753067744,-879.813387637479,,
211.555732147209,-881.751619827413,,
211.655711226674,-883.485886441909,,
211.755690306138,-884.541687769131,,
211.855669385603,-886.497144722982,,
211.955648465068,-889.565819092777,,
212.055627544532,-892.358451767472,,
212.155606623997,-893.909558797466,,
212.255585703462,-895.172166240906,,
212.355564782926,-899.076042502803,,
212.455543862391,-901.691339330635,,
212.555522941856,-902.739880646278,,
212.65550202132,-903.582376659425,,
212.755481100785,-904.811410562051,,
212.85546018025,-907.2901209647,,
212.955439259714,-910.833434439017,,
213.055418339179,-911.360549410048,,
213.155397418644,-912.617920713458,,
213.255376498108,-916.267677801696,,
213.355355577573,-919.852985368065,,
213.455334657038,-921.410083691501,,
213.555313736502,-922.819342333652,,
213.655292815967,-926.09982416602,,
213.755271895432,-930.078056434253,,
213.855250974896,-935.715463160573,,
213.955230054361,-937.170467841712,,
214.055209133825,-939.176262231346,,
214.15518821329,-943.1835986047,,
214.255167292755,-947.30268448267,,
214.355146372219,-949.033940936089,,
214.455125451684,-948.977569150476,,
214.555104531149,-951.493599321944,,
214.655083610613,-955.975479834529,,
214.755062690078,-959.974036766911,,
214.855041769543,-963.564169942892,,
214.955020849007,-967.219553316202,,
215.054999928472,-971.551364307383,,
215.154979007937,-976.900235085538,,
215.254958087401,-980.641069146263,,
215.354937166866,-982.900760737619,,
215.454916246331,-985.71056738276,,
215.554895325795,-989.411898211799,,
215.65487440526,-995.937438566857,,
215.754853484725,-999.003857211487,,
215.854832564189,-999.906022821216,,
215.954811643654,-1003.61020476044,,
216.054790723119,-1007.70806715983,,
216.154769802583,-1010.09823005822,,
216.254748882048,-1012.0808935455,,
216.354727961513,-1014.54961620773,,
216.454707040977,-1017.51590728962,,
216.554686120442,-1020.43681702208,,
216.654665199907,-1021.46646787285,,
216.754644279371,-1021.82597325918,,
216.854623358836,-1023.88085166297,,
216.9546024383,-1026.59107516812,,
217.054581517765,-1027.89598360883,,
217.15456059723,-1027.71542123867,,
217.254539676694,-1031.26025054079,,
217.354518756159,-1032.24480637869,,
217.454497835624,-1032.6529279128,,
217.554476915088,-1033.63062510459,,
217.654455994553,-1033.57390386087,,
217.754435074018,-1034.67055245037,,
217.854414153482,-1036.52282047261,,
217.954393232947,-1036.26157243887,,
218.054372312412,-1036.71317370202,,
218.154351391876,-1037.79468371101,,
218.254330471341,-1041.77184622013,,
218.354309550806,-1045.12382376446,,
218.45428863027,-1045.79155532749,,
218.554267709735,-1047.37043391337,,
218.6542467892,-1051.35092527355,,
218.754225868664,-1053.43874690352,,
218.854204948129,-1054.27549722782,,
218.954184027594,-1058.1938747443,,
219.054163107058,-1061.59039063829,,
219.154142186523,-1063.45879263907,,
219.254121265988,-1064.49729726655,,
219.354100345452,-1066.91099738917,,
219.454079424917,-1070.78804368234,,
219.554058504381,-1073.82558581138,,
219.654037583846,-1074.51727447135,,
219.754016663311,-1076.3772570683,,
219.853995742775,-1080.01039484447,,
219.95397482224,-1082.61847606445,,
220.053953901705,-1084.46115806856,,
220.153932981169,-1085.23727335365,,
220.253912060634,-1087.49841064233,,
220.353891140099,-1090.30381226998,,
220.453870219563,-1091.09136541117,,
220.553849299028,-1092.36234195459,,
220.653828378493,-1094.59589757708,,
220.753807457957,-1095.82166169539,,
220.853786537422,-1099.60145874988,,
220.953765616887,-1101.17269178295,,
221.053744696351,-1101.20807648765,,
221.153723775816,-1104.3424852086,,
221.253702855281,-1108.6786744517,,
221.353681934745,-1111.46442606836,,
221.45366101421,-1112.42124868178,,
221.553640093675,-1113.2920981312,,
221.653619173139,-1116.69243026354,,
221.753598252604,-1121.01768879794,,
221.853577332069,-1122.44518853064,,
221.953556411533,-1122.18746189081,,
222.053535490998,-1124.58479668249,,
222.153514570463,-1126.96762453756,,
222.253493649927,-1128.66289446285,,
222.353472729392,-1128.8962136178,,
222.453451808856,-1128.98995012376,,
222.553430888321,-1130.47941555106,,
222.653409967786,-1134.36593770017,,
222.75338904725,-1138.98844752156,,
222.853368126715,-1139.36324693215,,
222.95334720618,-1138.01414474902,,
223.053326285644,-1139.56629697155,,
223.153305365109,-1144.04926113466,,
223.253284444574,-1148.10015880721,,
223.353263524038,-1149.42870540413,,
223.453242603503,-1151.37358736175,,
223.553221682968,-1155.6649959375,,
223.653200762432,-1160.03608203,,
223.753179841897,-1162.96166646627,,
223.853158921362,-1163.57343884505,,
223.953138000826,-1165.56708270285,,
224.053117080291,-1169.85331899433,,
224.153096159756,-1175.31622491184,,
224.25307523922,-1177.37481237331,,
224.353054318685,-1178.00341758495,,
224.45303339815,-1179.1638874611,,
224.553012477614,-1184.68539058939,,
224.652991557079,-1188.56039135955,,
224.752970636544,-1189.34885116266,,
224.852949716008,-1190.21282027732,,
224.952928795473,-1193.38913696259,,
225.052907874937,-1197.6586252492,,
225.152886954402,-1202.64377459401,,
225.252866033867,-1205.85330625611,,
225.352845113331,-1207.68479687304,,
225.452824192796,-1212.09886297606,,
225.552803272261,-1216.53614616373,,
225.652782351725,-1220.43646435265,,
225.75276143119,-1223.89307134061,,
225.852740510655,-1226.03116680952,,
225.952719590119,-1230.70589296034,,
226.052698669584,-1237.63765404915,,
226.152677749049,-1241.14633527,,
226.252656828513,-1243.80502581332,,
226.352635907978,-1247.15385948693,,
226.452614987443,-1251.64181985332,,
226.552594066907,-1256.77843513545,,
226.652573146372,-1260.3554629383,,
226.752552225837,-1261.4177407363,,
226.852531305301,-1264.97539742571,,
226.952510384766,-1270.96984125673,,
227.052489464231,-1275.58563418542,,
227.152468543695,-1278.27097128361,,
227.25244762316,-1281.49443369087,,
227.352426702625,-1286.06861564413,,
227.452405782089,-1289.83908126723,,
227.552384861554,-1292.21790080493,,
227.652363941019,-1295.47217795777,,
227.752343020483,-1299.1568472081,,
227.852322099948,-1302.5061356774,,
227.952301179412,-1305.99871844301,,
228.052280258877,-1309.63622128679,,
228.152259338342,-1310.62677486145,,
228.252238417806,-1313.1704888032,,
228.352217497271,-1318.31872980811,,
228.452196576736,-1323.30296229799,,
228.5521756562,-1324.91930211577,,
228.652154735665,-1326.72239856862,,
228.75213381513,-1330.83069997671,,
228.852112894594,-1335.00776747614,,
228.952091974059,-1337.62456987382,,
229.052071053524,-1339.09993398105,,
229.152050132988,-1340.73724953748,,
229.252029212453,-1345.31740715956,,
229.352008291918,-1347.84742984568,,
229.451987371382,-1349.75445570917,,
229.551966450847,-1352.09191333453,,
229.651945530312,-1355.55646949882,,
229.751924609776,-1359.3997470175,,
229.851903689241,-1364.07029639384,,
229.951882768706,-1364.54910459971,,
230.05186184817,-1365.08467328755,,
230.151840927635,-1368.81807469222,,
230.2518200071,-1374.67200505613,,
230.351799086564,-1378.80367040679,,
230.451778166029,-1380.93505293184,,
230.551757245493,-1381.55906953817,,
230.651736324958,-1387.39705971947,,
230.751715404423,-1393.91723696334,,
230.851694483887,-1397.75481236139,,
230.951673563352,-1399.72160461717,,
231.051652642817,-1402.61325436047,,
231.151631722281,-1406.4222385766,,
231.251610801746,-1411.4376752354,,
231.351589881211,-1415.32060840489,,
231.451568960675,-1419.07641324933,,
231.55154804014,-1422.13549987356,,
231.651527119605,-1423.94448489879,,
231.751506199069,-1427.177376262,,
231.851485278534,-1430.50790741584,,
231.951464357999,-1433.00490554025,,
232.051443437463,-1435.11487458511,,
232.151422516928,-1438.34523523954,,
232.251401596393,-1441.42759170061,,
232.351380675857,-1441.88980132482,,
232.451359755322,-1442.76268791249,,
232.551338834787,-1445.22218901027,,
232.651317914251,-1447.22165558274,,
232.751296993716,-1450.40366868653,,
232.851276073181,-1453.75291969754,,
232.951255152645,-1455.02445300839,,
233.05123423211,-1455.65393128025,,
233.151213311575,-1457.97295360705,,
233.251192391039,-1461.66909039779,,
233.351171470504,-1464.27969108329,,
233.451150549968,-1464.54562931938,,
233.551129629433,-1464.6157338252,,
233.651108708898,-1466.6709960464,,
233.751087788362,-1469.82815468525,,
233.851066867827,-1473.42570373512,,
233.951045947292,-1474.55762911134,,
234.051025026756,-1475.76424966484,,
234.151004106221,-1476.95397525559,,
234.250983185686,-1478.78212244498,,
234.35096226515,-1481.25314740132,,
234.450941344615,-1483.30350431279,,
234.55092042408,-1483.9649651902,,
234.650899503544,-1483.72144034649,,
234.750878583009,-1485.46065490886,,
234.850857662474,-1487.30948868303,,
234.950836741938,-1488.41882045762,,
235.050815821403,-1490.10351950655,,
235.150794900868,-1492.06829552394,,
235.250773980332,-1494.59348646795,,
235.350753059797,-1497.91040572971,,
235.450732139262,-1500.5323946183,,
235.550711218726,-1503.70358589104,,
235.650690298191,-1503.6263217634,,
235.750669377656,-1504.73814008843,,
235.85064845712,-1507.10968811771,,
235.950627536585,-1508.94667423529,,
236.050606616049,-1509.02106857172,,
236.150585695514,-1508.96376559363,,
236.250564774979,-1508.63061217469,,
236.350543854443,-1510.1710285888,,
236.450522933908,-1512.04573012967,,
236.550502013373,-1513.33642417504,,
236.650481092837,-1514.74553971986,,
236.750460172302,-1513.69640003263,,
236.850439251767,-1514.70519374996,,
236.950418331231,-1518.34557752625,,
237.050397410696,-1518.92652990617,,
237.150376490161,-1517.8494862806,,
237.250355569625,-1516.62914833378,,
237.35033464909,-1516.02640477044,,
237.450313728555,-1516.82241446021,,
237.550292808019,-1517.34293764666,,
237.650271887484,-1517.22076424198,,
237.750250966949,-1517.24693990988,,
237.850230046413,-1517.85530664894,,
237.950209125878,-1519.57041905272,,
238.050188205343,-1522.22301030402,,
238.150167284807,-1522.01335608685,,
238.250146364272,-1520.31803490911,,
238.350125443737,-1520.11518226916,,
238.450104523201,-1522.17450687434,,
238.550083602666,-1524.72526795554,,
238.650062682131,-1523.81198397611,,
238.750041761595,-1522.7210953335,,
238.85002084106,-1521.5551894558,,
238.949999920524,-1522.97262645719,,
239.049978999989,-1524.67074546293,,
239.149958079454,-1525.0726932243,,
239.249937158918,-1523.23876133592,,
239.349916238383,-1523.02479075573,,
239.449895317848,-1525.35103468684,,
239.549874397312,-1528.05903628373,,
239.649853476777,-1529.30876276306,,
239.749832556242,-1528.13688619921,,
239.849811635706,-1526.24263460588,,
239.949790715171,-1527.14241172665,,
240.049769794636,-1528.1516770953,,
240.1497488741,-1528.29922269649,,
240.249727953565,-1527.12833350236,,
240.34970703303,-1526.04282376174,,
240.449686112494,-1525.28143955111,,
240.549665191959,-1526.10628190379,,
240.649644271424,-1525.57059913158,,
240.749623350888,-1526.22852151529,,
240.849602430353,-1525.76769867673,,
240.949581509818,-1527.00257976456,,
241.049560589282,-1530.00761347588,,
241.149539668747,-1530.79379268057,,
241.249518748212,-1531.62708186183,,
241.349497827676,-1532.2687789501,,
241.449476907141,-1533.63227154234,,
241.549455986605,-1534.99566342274,,
241.64943506607,-1537.62927137313,,
241.749414145535,-1539.38076118237,,
241.849393224999,-1539.68515962163,,
241.949372304464,-1540.3364650232,,
242.049351383929,-1543.20998302815,,
242.149330463393,-1546.81947114528,,
242.249309542858,-1548.74803817534,,
242.349288622323,-1549.58547602014,,
242.449267701787,-1550.17035071147,,
242.549246781252,-1551.66825715584,,
242.649225860717,-1553.72639559479,,
242.749204940181,-1554.01783997815,,
242.849184019646,-1555.14117662886,,
242.949163099111,-1555.87311794229,,
243.049142178575,-1556.59153185899,,
243.14912125804,-1556.55858143166,,
243.249100337505,-1557.32156079061,,
243.349079416969,-1558.42645377063,,
243.449058496434,-1559.21898771267,,
243.549037575899,-1560.15287805768,,
243.649016655363,-1560.93484335838,,
243.748995734828,-1560.12427441664,,
243.848974814293,-1560.62750536516,,
243.948953893757,-1560.63268502273,,
244.048932973222,-1561.04562284331,,
244.148912052687,-1561.28633315365,,
244.248891132151,-1561.51576850932,,
244.348870211616,-1562.79816385347,,
244.44884929108,-1563.1452652508,,
244.548828370545,-1563.93347094454,,
244.64880745001,-1565.32881218683,,
244.748786529474,-1566.95756996409,,
244.848765608939,-1567.90110372278,,
244.948744688404,-1568.12390936394,,
245.048723767868,-1569.80045443949,,
245.148702847333,-1572.09268343319,,
245.248681926798,-1573.29580631967,,
245.348661006262,-1573.82607109612,,
245.448640085727,-1574.54958880094,,
245.548619165192,-1576.49046926153,,
245.648598244656,-1577.84934828172,,
245.748577324121,-1578.40281210887,,
245.848556403586,-1578.87412834034,,
245.94853548305,-1578.02388352918,,
246.048514562515,-1578.69546135344,,
246.14849364198,-1579.10395779825,,
246.248472721444,-1581.41393218378,,
246.348451800909,-1582.20023279055,,
246.448430880374,-1581.9894096462,,
246.548409959838,-1581.93862738361,,
246.648389039303,-1583.03351132948,,
246.748368118768,-1584.86219596247,,
246.848347198232,-1585.04307319922,,
246.948326277697,-1585.35479096737,,
247.048305357162,-1587.93387424997,,
247.148284436626,-1590.18260928688,,
247.248263516091,-1593.15918461691,,
247.348242595555,-1595.03137938981,,
247.44822167502,-1595.72850021298,,
247.548200754485,-1596.67972328958,,
247.648179833949,-1599.52302181386,,
247.748158913414,-1602.68125636681,,
247.848137992879,-1606.08346790261,,
247.948117072343,-1607.71930187477,,
248.048096151808,-1609.63096936135,,
248.148075231273,-1612.57934283392,,
248.248054310737,-1613.62299753169,,
248.348033390202,-1615.23520399332,,
248.448012469667,-1617.61424111002,,
248.547991549131,-1618.77008994541,,
248.647970628596,-1620.3594503869,,
248.747949708061,-1621.95377630838,,
248.847928787525,-1624.59936755432,,
248.94790786699,-1627.27503800777,,
249.047886946455,-1629.75016312298,,
249.147866025919,-1631.26363750361,,
249.247845105384,-1632.07281023611,,
249.347824184849,-1632.61394877737,,
249.447803264313,-1634.24381048123,,
249.547782343778,-1634.63460790828,,
249.647761423243,-1633.92846989962,,
249.747740502707,-1632.86458461813,,
249.847719582172,-1632.38284596143,,
249.947698661636,-1631.78813013013,,
250.047677741101,-1631.10410241498,,
250.147656820566,-1629.21346730331,,
250.24763590003,-1628.55816838536,,
250.347614979495,-1629.22681783247,,
250.44759405896,-1627.52099598637,,
250.547573138424,-1625.36814293573,,
250.647552217889,-1625.21690966933,,
250.747531297354,-1625.19361159873,,
250.847510376818,-1623.6599937063,,
250.947489456283,-1622.15686810939,,
251.047468535748,-1619.15970487462,,
251.147447615212,-1616.45503849092,,
251.247426694677,-1615.15546763015,,
251.347405774142,-1614.6802670577,,
251.447384853606,-1612.94728048465,,
251.547363933071,-1609.99145979348,,
251.647343012536,-1606.07068226795,,
251.747322092,-1604.44280407369,,
251.847301171465,-1603.57221904281,,
251.94728025093,-1602.38933452151,,
252.047259330394,-1600.16345565938,,
252.147238409859,-1596.08140155263,,
252.247217489324,-1593.10415225192,,
252.347196568788,-1591.12700991805,,
252.447175648253,-1590.96319596778,,
252.547154727718,-1589.14762518915,,
252.647133807182,-1586.94108516241,,
252.747112886647,-1584.09385161209,,
252.847091966111,-1580.16267695133,,
252.947071045576,-1578.83968682608,,
253.047050125041,-1579.18968722821,,
253.147029204505,-1578.46104728896,,
253.24700828397,-1575.98010854765,,
253.346987363435,-1576.1255712715,,
253.446966442899,-1575.62802035884,,
253.546945522364,-1576.48842311781,,
253.646924601829,-1578.43355684209,,
253.746903681293,-1580.44756315361,,
253.846882760758,-1579.16508589159,,
253.946861840223,-1577.60327584252,,
254.046840919687,-1577.3563189208,,
254.146819999152,-1578.49652402531,,
254.246799078617,-1579.46694061742,,
254.346778158081,-1578.49600965953,,
254.446757237546,-1576.64495328761,,
254.546736317011,-1575.63340847674,,
254.646715396475,-1575.46376903881,,
254.74669447594,-1575.18807850035,,
254.846673555405,-1575.06962907654,,
254.946652634869,-1574.86572706647,,
255.046631714334,-1573.93703584167,,
255.146610793799,-1574.56830131135,,
255.246589873263,-1574.76018307768,,
255.346568952728,-1574.57227206236,,
255.446548032192,-1573.84982153392,,
255.546527111657,-1573.49298786001,,
255.646506191122,-1573.81091192008,,
255.746485270586,-1574.08031762536,,
255.846464350051,-1573.16542975307,,
255.946443429516,-1574.39686324914,,
256.04642250898,-1574.44656930304,,
256.146401588445,-1574.17044718215,,
256.24638066791,-1575.3949476179,,
256.346359747374,-1578.8227721762,,
256.446338826839,-1579.6020397366,,
256.546317906304,-1577.47193211795,,
256.646296985768,-1578.3373857871,,
256.746276065233,-1581.6492297913,,
256.846255144698,-1585.34301516503,,
256.946234224162,-1588.20202915352,,
257.046213303627,-1587.62381064241,,
257.146192383092,-1585.82231738651,,
257.246171462556,-1585.64495210855,,
257.346150542021,-1589.7367756373,,
257.446129621486,-1594.60801526855,,
257.54610870095,-1595.19621733171,,
257.646087780415,-1593.53309407812,,
257.74606685988,-1594.3728091369,,
257.846045939344,-1596.25600976144,,
257.946025018809,-1599.585632428,,
258.046004098274,-1600.51178779001,,
258.145983177738,-1598.54996998146,,
258.245962257203,-1598.85068257104,,
258.345941336667,-1602.39137704844,,
258.445920416132,-1606.38241488923,,
258.545899495597,-1608.05417139481,,
258.645878575061,-1607.30496614378,,
258.745857654526,-1604.99134231652,,
258.845836733991,-1606.34437646347,,
258.945815813455,-1609.30844505864,,
259.04579489292,-1611.31823703046,,
259.145773972385,-1611.11284422232,,
259.245753051849,-1609.79977054852,,
259.345732131314,-1610.27546073794,,
259.445711210779,-1614.57635884168,,
259.545690290243,-1617.58735378178,,
259.645669369708,-1617.00052465017,,
259.745648449173,-1615.72348536238,,
259.845627528637,-1614.38908905269,,
259.945606608102,-1616.47213241148,,
260.045585687567,-1619.45717912814,,
260.145564767031,-1621.74954735335,,
260.245543846496,-1619.94950083308,,
260.345522925961,-1618.11564463884,,
260.445502005425,-1621.20662198671,,
260.54548108489,-1625.48924213384,,
260.645460164355,-1629.29138644482,,
260.745439243819,-1630.24185924508,,
260.845418323284,-1627.81883553198,,
260.945397402748,-1629.07768022218,,
261.045376482213,-1634.01025546872,,
261.145355561678,-1638.12212398031,,
261.245334641142,-1638.96574065557,,
261.345313720607,-1637.36748263863,,
261.445292800072,-1637.32781922347,,
261.545271879536,-1638.93633480037,,
261.645250959001,-1642.66575090208,,
261.745230038466,-1644.4205995044,,
261.84520911793,-1643.8009135976,,
261.945188197395,-1643.23357733317,,
262.04516727686,-1645.17020222483,,
262.145146356324,-1648.46293643957,,
262.245125435789,-1650.87342380026,,
262.345104515254,-1651.967249594,,
262.445083594718,-1651.11309701271,,
262.545062674183,-1652.21243242406,,
262.645041753648,-1654.44894455076,,
262.745020833112,-1655.86011341261,,
262.844999912577,-1655.33253513076,,
262.944978992042,-1652.61969894877,,
263.044958071506,-1652.97036684547,,
263.144937150971,-1655.52693315321,,
263.244916230436,-1656.39172189197,,
263.3448953099,-1659.50333686396,,
263.444874389365,-1659.86344533422,,
263.54485346883,-1658.93042362147,,
263.644832548294,-1659.35500757204,,
263.744811627759,-1662.4561605648,,
263.844790707223,-1663.86419428316,,
263.944769786688,-1660.97532295461,,
264.044748866153,-1659.48387127995,,
264.144727945617,-1659.52823048943,,
264.244707025082,-1661.00000965647,,
264.344686104547,-1662.89492220436,,
264.444665184011,-1663.71935322621,,
264.544644263476,-1661.83397956638,,
264.644623342941,-1660.76995162442,,
264.744602422405,-1663.08384446258,,
264.84458150187,-1664.64249041534,,
264.944560581335,-1662.99242990091,,
265.044539660799,-1662.73079528187,,
265.144518740264,-1663.31133188933,,
265.244497819729,-1663.04831247235,,
265.344476899193,-1663.09906173578,,
265.444455978658,-1662.36971098639,,
265.544435058123,-1661.01351328417,,
265.644414137587,-1660.00991668432,,
265.744393217052,-1657.34849182417,,
265.844372296517,-1654.5782129745,,
265.944351375981,-1653.74423668128,,
266.044330455446,-1651.54079750283,,
266.144309534911,-1650.23446356461,,
266.244288614375,-1651.01802879424,,
266.34426769384,-1648.66385358655,,
266.444246773304,-1647.37365767347,,
266.544225852769,-1644.8557536894,,
266.644204932234,-1642.71611059689,,
266.744184011698,-1642.26156626931,,
266.844163091163,-1643.73123736804,,
266.944142170628,-1644.30131048918,,
267.044121250092,-1643.81253091081,,
267.144100329557,-1642.93719705949,,
267.244079409022,-1641.91445954163,,
267.344058488486,-1642.65568919492,,
267.444037567951,-1642.87073355703,,
267.544016647416,-1641.6705795663,,
267.64399572688,-1640.36272176563,,
267.743974806345,-1640.2175291776,,
267.84395388581,-1639.45671222428,,
267.943932965274,-1637.12316767819,,
268.043912044739,-1634.85775226814,,
268.143891124204,-1634.0259434214,,
268.243870203668,-1632.67178777793,,
268.343849283133,-1632.03906520458,,
268.443828362598,-1629.45198802239,,
268.543807442062,-1627.13157972677,,
268.643786521527,-1626.89586968236,,
268.743765600992,-1625.8183848484,,
268.843744680456,-1624.27440259741,,
268.943723759921,-1621.58080146282,,
269.043702839386,-1615.844247838,,
269.14368191885,-1613.76934963902,,
269.243660998315,-1614.71318042755,,
269.343640077779,-1614.55560168489,,
269.443619157244,-1611.62885178938,,
269.543598236709,-1606.63684899828,,
269.643577316173,-1603.01180226198,,
269.743556395638,-1601.6290477293,,
269.843535475103,-1600.4507625244,,
269.943514554567,-1595.77022517594,,
270.043493634032,-1589.87643932815,,
270.143472713497,-1584.92885173681,,
270.243451792961,-1582.77307402077,,
270.343430872426,-1580.08098542496,,
270.443409951891,-1576.76842122455,,
270.543389031355,-1571.78672207295,,
270.64336811082,-1567.58026682516,,
270.743347190285,-1564.15974943486,,
270.843326269749,-1562.09838461791,,
270.943305349214,-1559.21737157245,,
271.043284428679,-1556.02123678008,,
271.143263508143,-1553.05106495324,,
271.243242587608,-1548.57028070611,,
271.343221667073,-1545.28334232946,,
271.443200746537,-1542.07063228697,,
271.543179826002,-1536.49746021841,,
271.643158905467,-1530.24088870842,,
271.743137984931,-1526.56269004625,,
271.843117064396,-1524.19491731801,,
271.94309614386,-1522.20947657199,,
272.043075223325,-1519.10016788681,,
272.14305430279,-1515.64629129014,,
272.243033382254,-1512.57651876042,,
272.343012461719,-1512.13794321729,,
272.442991541184,-1513.45193633268,,
272.542970620648,-1513.6559225058,,
272.642949700113,-1510.03884961135,,
272.742928779578,-1504.9584640761,,
272.842907859042,-1503.58362303212,,
272.942886938507,-1504.04399419865,,
273.042866017972,-1502.44225140237,,
273.142845097436,-1497.59473049819,,
273.242824176901,-1492.31606729966,,
273.342803256366,-1490.92195485995,,
273.44278233583,-1492.77798868484,,
273.542761415295,-1489.8605564788,,
273.64274049476,-1486.28303728672,,
273.742719574224,-1483.04231057735,,
273.842698653689,-1484.70007798172,,
273.942677733154,-1485.95473167059,,
274.042656812618,-1484.09683845287,,
274.142635892083,-1479.53318506761,,
274.242614971548,-1476.34666378122,,
274.342594051012,-1474.98754329604,,
274.442573130477,-1475.66990278855,,
274.542552209942,-1474.15481866413,,
274.642531289406,-1469.00700881961,,
274.742510368871,-1466.19496539054,,
274.842489448335,-1466.30769722354,,
274.9424685278,-1466.18700722561,,
275.042447607265,-1463.50174422223,,
275.142426686729,-1459.40302731171,,
275.242405766194,-1455.61836926878,,
275.342384845659,-1454.08828427352,,
275.442363925123,-1454.41250317614,,
275.542343004588,-1453.09521592157,,
275.642322084053,-1449.45179915933,,
275.742301163517,-1446.1061997814,,
275.842280242982,-1444.18579134078,,
275.942259322447,-1442.87573931699,,
276.042238401911,-1441.25467765969,,
276.142217481376,-1438.87166412722,,
276.242196560841,-1435.94484142659,,
276.342175640305,-1433.64459858597,,
276.44215471977,-1431.01834987061,,
276.542133799235,-1429.10227163938,,
276.642112878699,-1427.92730380137,,
276.742091958164,-1425.68973186807,,
276.842071037629,-1422.44653824818,,
276.942050117093,-1420.99884359951,,
277.042029196558,-1418.99871125729,,
277.142008276023,-1417.6717476651,,
277.241987355487,-1414.35088638871,,
277.341966434952,-1410.66117093958,,
277.441945514416,-1409.88419678553,,
277.541924593881,-1410.35222500387,,
277.641903673346,-1407.41256040442,,
277.74188275281,-1404.2488160082,,
277.841861832275,-1401.62904770336,,
277.94184091174,-1401.48750070336,,
278.041819991204,-1401.90546329162,,
278.141799070669,-1400.68281208424,,
278.241778150134,-1398.78362256897,,
278.341757229598,-1397.29032859246,,
278.441736309063,-1399.22168534609,,
278.541715388528,-1401.43964559294,,
278.641694467992,-1399.9420249526,,
278.741673547457,-1398.4904604377,,
278.841652626922,-1398.43975232655,,
278.941631706386,-1399.99922338332,,
279.041610785851,-1400.49615922901,,
279.141589865316,-1398.57615589823,,
279.24156894478,-1397.68595667444,,
279.341548024245,-1399.52290702157,,
279.44152710371,-1401.11720924828,,
279.541506183174,-1401.2138986021,,
279.641485262639,-1401.11352848302,,
279.741464342104,-1401.43856927346,,
279.841443421568,-1402.41635660604,,
279.941422501033,-1403.96628002706,,
280.041401580498,-1402.77729165019,,
280.141380659962,-1401.74447767262,,
280.241359739427,-1400.52541675826,,
280.341338818891,-1399.53795871794,,
280.441317898356,-1398.70740550214,,
280.541296977821,-1396.92696983888,,
280.641276057285,-1396.25489816995,,
280.74125513675,-1395.49309961501,,
280.841234216215,-1394.49829050324,,
280.941213295679,-1392.60963349675,,
281.041192375144,-1392.47135885558,,
281.141171454609,-1391.8099686571,,
281.241150534073,-1390.51976459641,,
281.341129613538,-1387.39218119973,,
281.441108693003,-1384.8234588807,,
281.541087772467,-1385.44204412951,,
281.641066851932,-1383.4217756852,,
281.741045931397,-1379.84049090525,,
281.841025010861,-1377.47566938653,,
281.941004090326,-1375.63389296977,,
282.040983169791,-1373.65799805138,,
282.140962249255,-1370.48043369819,,
282.24094132872,-1365.56756755241,,
282.340920408185,-1363.0528217817,,
282.440899487649,-1361.32722246309,,
282.540878567114,-1358.49183797435,,
282.640857646579,-1355.91623387062,,
282.740836726043,-1351.75767458374,,
282.840815805508,-1350.27359291879,,
282.940794884972,-1348.95478022246,,
283.040773964437,-1346.11908676234,,
283.140753043902,-1345.01359008984,,
283.240732123366,-1343.98898252225,,
283.340711202831,-1342.25727894948,,
283.440690282296,-1341.15642880932,,
283.54066936176,-1337.09555855786,,
283.640648441225,-1333.81981147007,,
283.74062752069,-1330.82900008726,,
283.840606600154,-1325.55527588875,,
283.940585679619,-1320.15068030581,,
284.040564759084,-1316.31159665565,,
284.140543838548,-1311.81976220349,,
284.240522918013,-1308.31471377159,,
284.340501997478,-1304.31585042472,,
284.440481076942,-1301.3349382265,,
284.540460156407,-1299.76225261364,,
284.640439235872,-1296.97494490125,,
284.740418315336,-1296.84925562087,,
284.840397394801,-1295.82230715021,,
284.940376474266,-1293.84421785685,,
285.04035555373,-1292.21371162508,,
285.140334633195,-1288.36452618145,,
285.24031371266,-1287.72183424059,,
285.340292792124,-1286.94327981914,,
285.440271871589,-1284.75851694813,,
285.540250951054,-1281.83091615916,,
285.640230030518,-1278.93946168813,,
285.740209109983,-1276.80190810688,,
285.840188189447,-1275.12602300257,,
285.940167268912,-1273.0671830965,,
286.040146348377,-1269.62597049818,,
286.140125427841,-1268.01749757815,,
286.240104507306,-1269.23960353659,,
286.340083586771,-1268.18595270391,,
286.440062666235,-1264.55575121649,,
286.5400417457,-1261.67828813645,,
286.640020825165,-1261.92547230348,,
286.739999904629,-1261.88416716346,,
286.839978984094,-1261.223469398,,
286.939958063559,-1259.99502758085,,
287.039937143023,-1259.66454037228,,
287.139916222488,-1261.96291673184,,
287.239895301953,-1260.29117676695,,
287.339874381417,-1256.68428574387,,
287.439853460882,-1254.36656987834,,
287.539832540347,-1254.1519575195,,
287.639811619811,-1253.57661082765,,
287.739790699276,-1251.80930210225,,
287.839769778741,-1248.80228998285,,
287.939748858205,-1247.62819607276,,
288.03972793767,-1248.62638973474,,
288.139707017135,-1247.30960631499,,
288.239686096599,-1242.26008652575,,
288.339665176064,-1240.25971719253,,
288.439644255528,-1239.81322432771,,
288.539623334993,-1240.59821531376,,
288.639602414458,-1239.12647986471,,
288.739581493922,-1236.54047695657,,
288.839560573387,-1235.53547577491,,
288.939539652852,-1236.96032606368,,
289.039518732316,-1235.44268351706,,
289.139497811781,-1231.55596227889,,
289.239476891246,-1231.91016851068,,
289.33945597071,-1233.06559622506,,
289.439435050175,-1230.14146364085,,
289.53941412964,-1227.12711500706,,
289.639393209104,-1225.63719064854,,
289.739372288569,-1223.75132076199,,
289.839351368034,-1221.00090808711,,
289.939330447498,-1218.49432915778,,
290.039309526963,-1217.52813842893,,
290.139288606428,-1216.31147808968,,
290.239267685892,-1216.73687279142,,
290.339246765357,-1215.59716503224,,
290.439225844822,-1214.64511942534,,
290.539204924286,-1214.83953080573,,
290.639184003751,-1213.18757208038,,
290.739163083216,-1209.69128722249,,
290.83914216268,-1208.93971671118,,
290.939121242145,-1207.87834423984,,
291.03910032161,-1205.67420997942,,
291.139079401074,-1203.79405245626,,
291.239058480539,-1201.98345616626,,
291.339037560003,-1199.69504314646,,
291.439016639468,-1197.25898709134,,
291.538995718933,-1195.54965785922,,
291.638974798397,-1191.5275882365,,
291.738953877862,-1188.11269066629,,
291.838932957327,-1186.36445343626,,
291.938912036791,-1182.98208607589,,
292.038891116256,-1180.65184894455,,
292.138870195721,-1179.47364466134,,
292.238849275185,-1178.93658265095,,
292.33882835465,-1178.05492894333,,
292.438807434115,-1175.17173700715,,
292.538786513579,-1171.08844957494,,
292.638765593044,-1170.0497622608,,
292.738744672509,-1169.23841531168,,
292.838723751973,-1166.63515532304,,
292.938702831438,-1163.00180808956,,
293.038681910903,-1161.76310486655,,
293.138660990367,-1159.80234731302,,
293.238640069832,-1155.01383139136,,
293.338619149297,-1151.6104507884,,
293.438598228761,-1149.8184882129,,
293.538577308226,-1147.87110809287,,
293.638556387691,-1144.78878642257,,
293.738535467155,-1143.28552608192,,
293.83851454662,-1143.83984825769,,
293.938493626084,-1143.11588623998,,
294.038472705549,-1140.43730905768,,
294.138451785014,-1138.7789487762,,
294.238430864478,-1139.45835382383,,
294.338409943943,-1137.99623907187,,
294.438389023408,-1134.47618150238,,
294.538368102872,-1133.71561907468,,
294.638347182337,-1132.39830717155,,
294.738326261802,-1130.96187434716,,
294.838305341266,-1127.46285865426,,
294.938284420731,-1125.42296865303,,
295.038263500196,-1125.1666154305,,
295.13824257966,-1122.69992236346,,
295.238221659125,-1119.50772689943,,
295.33820073859,-1117.36392615335,,
295.438179818054,-1112.89190246971,,
295.538158897519,-1109.77931010864,,
295.638137976984,-1108.29965743271,,
295.738117056448,-1104.16060319394,,
295.838096135913,-1102.08931461728,,
295.938075215378,-1100.08264391195,,
296.038054294842,-1096.72714802782,,
296.138033374307,-1093.38458620979,,
296.238012453772,-1088.70027084501,,
296.337991533236,-1083.60632507023,,
296.437970612701,-1078.9975515477,,
296.537949692166,-1074.78253765674,,
296.63792877163,-1068.44021922779,,
296.737907851095,-1063.18024218992,,
296.837886930559,-1058.06164967332,,
296.937866010024,-1051.96826648538,,
297.037845089489,-1048.36344897069,,
297.137824168953,-1046.31369824634,,
297.237803248418,-1041.6550666558,,
297.337782327883,-1040.03742425413,,
297.437761407347,-1038.12582555133,,
297.537740486812,-1035.06558155938,,
297.637719566277,-1032.59132080162,,
297.737698645741,-1030.75338905167,,
297.837677725206,-1028.17223831025,,
297.937656804671,-1027.61859111146,,
298.037635884135,-1025.41059808604,,
298.1376149636,-1024.96520515403,,
298.237594043065,-1022.68015153937,,
298.337573122529,-1020.69590351316,,
298.437552201994,-1017.99435219383,,
298.537531281459,-1016.49552179608,,
298.637510360923,-1012.09814657132,,
298.737489440388,-1009.55027925058,,
298.837468519853,-1009.3414061093,,
298.937447599317,-1008.77011780662,,
299.037426678782,-1007.01169216225,,
299.137405758247,-1006.32579355997,,
299.237384837711,-1005.87626006489,,
299.337363917176,-1004.37500634854,,
299.437342996641,-1003.31032174452,,
299.537322076105,-1004.34518001614,,
299.63730115557,-1005.39577269954,,
299.737280235034,-1002.06405199122,,
299.837259314499,-1000.88846896544,,
299.937238393964,-1001.43637103052,,
300.037217473428,-998.667006548477,,
300.137196552893,-994.297573554374,,
300.237175632358,-993.189466522637,,
300.337154711822,-991.392871315705,,
300.437133791287,-987.667833799444,,
300.537112870752,-982.622784607057,,
300.637091950216,-981.460971362298,,
300.737071029681,-978.028835282589,,
300.837050109146,-972.658878187135,,
300.93702918861,-972.058346853509,,
301.037008268075,-970.824767225069,,
301.13698734754,-968.312866544132,,
301.236966427004,-964.952116206887,,
301.336945506469,-962.804555248782,,
301.436924585934,-961.208037144633,,
301.536903665398,-958.799910963063,,
301.636882744863,-956.101407683665,,
301.736861824328,-955.337517002918,,
301.836840903792,-955.553316927979,,
301.936819983257,-953.235003528127,,
302.036799062722,-952.4360591332,,
302.136778142186,-951.151088908442,,
302.236757221651,-950.07791768575,,
302.336736301115,-947.029251302059,,
302.43671538058,-944.759309744667,,
302.536694460045,-945.744178683761,,
302.636673539509,-943.853046342299,,
302.736652618974,-939.597397224033,,
302.836631698439,-939.279440147423,,
302.936610777903,-937.278922808738,,
303.036589857368,-930.661059437665,,
303.136568936833,-927.055456692211,,
303.236548016297,-927.77142658206,,
303.336527095762,-923.847518877175,,
303.436506175227,-918.75818070843,,
303.536485254691,-918.707903544489,,
303.636464334156,-916.362951073087,,
303.736443413621,-910.297408886908,,
303.836422493085,-908.533078846223,,
303.93640157255,-908.381707867262,,
304.036380652015,-905.578768584345,,
304.136359731479,-901.864173694759,,
304.236338810944,-900.56121873596,,
304.336317890409,-897.930613546485,,
304.436296969873,-895.036372268118,,
304.536276049338,-892.145784260279,,
304.636255128803,-890.941445607889,,
304.736234208267,-888.78292818706,,
304.836213287732,-885.094846462958,,
304.936192367197,-882.81880626933,,
305.036171446661,-881.318575836576,,
305.136150526126,-878.215948914176,,
305.23612960559,-876.811421558128,,
305.336108685055,-876.825286383639,,
305.43608776452,-873.165361991556,,
305.536066843984,-872.232127749878,,
305.636045923449,-872.657552908397,,
305.736025002914,-869.32666087266,,
305.836004082378,-869.753158148065,,
305.935983161843,-870.244179982837,,
306.035962241308,-866.852646063728,,
306.135941320772,-866.825345457043,,
306.235920400237,-866.724619785389,,
306.335899479702,-863.144694127196,,
306.435878559166,-863.763585837163,,
306.535857638631,-863.14697422011,,
306.635836718096,-858.782420396513,,
306.73581579756,-858.054821464089,,
306.835794877025,-858.415421647508,,
306.93577395649,-856.038632709312,,
307.035753035954,-857.446080431829,,
307.135732115419,-856.995548542406,,
307.235711194884,-852.740008291209,,
307.335690274348,-854.052955485406,,
307.435669353813,-854.521100034732,,
307.535648433278,-851.42934395229,,
307.635627512742,-851.29296249913,,
307.735606592207,-850.314517571624,,
307.835585671671,-848.827632804759,,
307.935564751136,-847.223842457618,,
308.035543830601,-846.80544634611,,
308.135522910065,-846.441292069822,,
308.23550198953,-844.899708722364,,
308.335481068995,-843.604622344543,,
308.435460148459,-843.162685056967,,
308.535439227924,-840.226496160197,,
308.635418307389,-836.875287031692,,
308.735397386853,-836.373958098792,,
308.835376466318,-833.479713411739,,
308.935355545783,-831.268165062519,,
309.035334625247,-829.77976013737,,
309.135313704712,-826.961464915,,
309.235292784177,-824.909876825328,,
309.335271863641,-822.513526855933,,
309.435250943106,-817.482318279077,,
309.535230022571,-816.717332136778,,
309.635209102035,-813.679763013125,,
309.7351881815,-810.696697169104,,
309.835167260965,-810.493870149786,,
309.935146340429,-807.77451887145,,
310.035125419894,-804.825653694767,,
310.135104499359,-802.842104220611,,
310.235083578823,-800.616306139944,,
310.335062658288,-799.410860339488,,
310.435041737753,-797.311434382417,,
310.535020817217,-794.612903272328,,
310.634999896682,-794.075339096901,,
310.734978976146,-792.516775790429,,
310.834958055611,-787.26596887075,,
310.934937135076,-785.54066841959,,
311.03491621454,-784.641813812833,,
311.134895294005,-779.105298598119,,
311.23487437347,-778.81748581737,,
311.334853452934,-777.68967973418,,
311.434832532399,-773.984120410332,,
311.534811611864,-774.281893007613,,
311.634790691328,-772.596275200217,,
311.734769770793,-769.64846539794,,
311.834748850258,-770.722035410706,,
311.934727929722,-768.953274247658,,
312.034707009187,-764.465378420195,,
312.134686088652,-764.457009271726,,
312.234665168116,-760.930939806916,,
312.334644247581,-756.041537302977,,
312.434623327046,-755.365806260535,,
312.53460240651,-752.470694287231,,
312.634581485975,-748.509425846242,,
312.73456056544,-749.214121817399,,
312.834539644904,-744.979360582232,,
312.934518724369,-740.775459331692,,
313.034497803834,-740.512891392849,,
313.134476883298,-734.880067294922,,
313.234455962763,-731.746285662073,,
313.334435042227,-731.712544171962,,
313.434414121692,-725.161684465673,,
313.534393201157,-724.144130170536,,
313.634372280621,-723.948231366729,,
313.734351360086,-718.067092135517,,
313.834330439551,-716.839079828172,,
313.934309519015,-716.577664906223,,
314.03428859848,-708.560969887939,,
314.134267677945,-707.787539435147,,
314.234246757409,-705.091072683865,,
314.334225836874,-696.561946867927,,
314.434204916339,-694.228427602737,,
314.534183995803,-689.926794261452,,
314.634163075268,-681.852072705647,,
314.734142154733,-682.474636500406,,
314.834121234197,-676.916294570307,,
314.934100313662,-670.575165586893,,
315.034079393127,-673.299381706101,,
315.134058472591,-670.125283120964,,
315.234037552056,-666.184939580643,,
315.334016631521,-667.372354384093,,
315.433995710985,-660.423202447608,,
315.53397479045,-656.427292326561,,
315.633953869915,-656.343319192473,,
315.733932949379,-647.455336837853,,
315.833912028844,-644.019618982179,,
315.933891108309,-643.442514212624,,
316.033870187773,-634.868204194399,,
316.133849267238,-631.933842584136,,
316.233828346702,-628.960744631993,,
316.333807426167,-621.156542540134,,
316.433786505632,-617.718802524353,,
316.533765585096,-615.679561106172,,
316.633744664561,-607.951721148171,,
316.733723744026,-605.047615571768,,
316.83370282349,-601.466514429335,,
316.933681902955,-593.323500443429,,
317.03366098242,-589.532820679728,,
317.133640061884,-586.979040452052,,
317.233619141349,-580.847517630748,,
317.333598220814,-579.076802868601,,
317.433577300278,-576.595451550542,,
317.533556379743,-572.230850286633,,
317.633535459208,-570.213051536193,,
317.733514538672,-564.99591114301,,
317.833493618137,-561.071860921941,,
317.933472697602,-559.58888528542,,
318.033451777066,-555.619787034534,,
318.133430856531,-551.824237796262,,
318.233409935996,-550.248955312867,,
318.33338901546,-546.045695832154,,
318.433368094925,-543.126114958558,,
318.53334717439,-539.492722561156,,
318.633326253854,-534.747860188688,,
318.733305333319,-529.974653359634,,
318.833284412783,-526.727680331496,,
318.933263492248,-524.523885010032,,
319.033242571713,-522.133652646836,,
319.133221651177,-519.147289598326,,
319.233200730642,-516.824204337116,,
319.333179810107,-514.681627917272,,
319.433158889571,-511.930582251507,,
319.533137969036,-510.043256912536,,
319.633117048501,-507.836272805273,,
319.733096127965,-506.08048010517,,
319.83307520743,-504.288039237589,,
319.933054286895,-500.176900026346,,
320.033033366359,-494.81080641585,,
320.133012445824,-492.363585721725,,
320.232991525289,-488.457065405225,,
320.332970604753,-485.140000383238,,
320.432949684218,-482.905264978261,,
320.532928763683,-479.272699603614,,
320.632907843147,-477.402616976066,,
320.732886922612,-475.44611343661,,
320.832866002077,-472.5703078607,,
320.932845081541,-470.740970433408,,
321.032824161006,-467.273487962768,,
321.132803240471,-465.003775965131,,
321.232782319935,-463.181549639835,,
321.3327613994,-459.324678260867,,
321.432740478865,-456.532551460946,,
321.532719558329,-453.224421573039,,
321.632698637794,-449.418394837757,,
321.732677717258,-446.067616671708,,
321.832656796723,-443.898689206698,,
321.932635876188,-440.79422443071,,
322.032614955652,-438.484814142958,,
322.132594035117,-436.205757137584,,
322.232573114582,-433.514470613321,,
322.332552194046,-430.860197028222,,
322.432531273511,-426.055861580878,,
322.532510352976,-423.398386173361,,
322.63248943244,-421.845423552374,,
322.732468511905,-417.406332942669,,
322.83244759137,-415.948672825194,,
322.932426670834,-410.831864518506,,
323.032405750299,-407.062809563491,,
323.132384829764,-403.911722301938,,
323.232363909228,-400.401371970196,,
323.332342988693,-399.668166342413,,
323.432322068158,-396.060987718938,,
323.532301147622,-392.258456865829,,
323.632280227087,-389.239245880287,,
323.732259306552,-382.555597836339,,
323.832238386016,-378.552365925357,,
323.932217465481,-374.423711301951,,
324.032196544946,-370.37089288205,,
324.13217562441,-368.391933517399,,
324.232154703875,-364.006903695951,,
324.332133783339,-361.522949667387,,
324.432112862804,-356.902053553045,,
324.532091942269,-356.278513875963,,
324.632071021733,-354.969654395459,,
324.732050101198,-353.093534482637,,
324.832029180663,-353.221696535633,,
324.932008260127,-348.936345196067,,
325.031987339592,-349.219245226621,,
325.131966419057,-346.194974678245,,
325.231945498521,-343.791995907876,,
325.331924577986,-342.366041638546,,
325.431903657451,-338.931131475633,,
325.531882736915,-339.715199010828,,
325.63186181638,-336.693964596322,,
325.731840895845,-336.690642425545,,
325.831819975309,-334.065364147925,,
325.931799054774,-333.542440916029,,
326.031778134239,-331.259353221559,,
326.131757213703,-328.441029413569,,
326.231736293168,-328.593415441844,,
326.331715372633,-326.725642339435,,
326.431694452097,-326.548259734878,,
326.531673531562,-324.918467372514,,
326.631652611027,-324.320038434406,,
326.731631690491,-321.248136767882,,
326.831610769956,-320.27780473388,,
326.931589849421,-321.047931016951,,
327.031568928885,-319.98276653197,,
327.13154800835,-320.119650569894,,
327.231527087814,-318.126290597592,,
327.331506167279,-317.07483552586,,
327.431485246744,-317.124408448353,,
327.531464326208,-314.559052824519,,
327.631443405673,-313.744495649848,,
327.731422485138,-311.858488601458,,
327.831401564602,-309.91712472972,,
327.931380644067,-308.887953419955,,
328.031359723532,-307.832228630294,,
328.131338802996,-306.763969433979,,
328.231317882461,-306.077496943383,,
328.331296961926,-305.529644290214,,
328.43127604139,-304.343409769631,,
328.531255120855,-303.514255630106,,
328.63123420032,-302.805536989489,,
328.731213279784,-302.842723691855,,
328.831192359249,-301.828898665047,,
328.931171438714,-301.3640783379,,
329.031150518178,-300.084379633186,,
329.131129597643,-299.024203053023,,
329.231108677108,-299.282550326276,,
329.331087756572,-298.255555428432,,
329.431066836037,-298.459209015163,,
329.531045915502,-298.789113849081,,
329.631024994966,-299.434773596463,,
329.731004074431,-298.142430702282,,
329.830983153895,-298.854144955983,,
329.93096223336,-298.249839602896,,
330.030941312825,-296.432566790844,,
330.130920392289,-295.503877266412,,
330.230899471754,-293.322758778672,,
330.330878551219,-292.39644776906,,
330.430857630683,-288.704890426598,,
330.530836710148,-288.57356748554,,
330.630815789613,-284.262075007983,,
330.730794869077,-284.447492719744,,
330.830773948542,-280.526166229846,,
330.930753028007,-279.74434246146,,
331.030732107471,-277.286766892229,,
331.130711186936,-275.385918257058,,
331.230690266401,-272.839076489968,,
331.330669345865,-271.596173302361,,
331.43064842533,-269.457850755598,,
331.530627504795,-268.843692294989,,
331.630606584259,-267.523494788322,,
331.730585663724,-266.215596535893,,
331.830564743189,-266.193818466123,,
331.930543822653,-264.663597813654,,
332.030522902118,-264.476362501053,,
332.130501981583,-262.104750638572,,
332.230481061047,-261.688721388537,,
332.330460140512,-262.15644645616,,
332.430439219977,-260.253491510861,,
332.530418299441,-259.52647464233,,
332.630397378906,-259.219767397755,,
332.73037645837,-256.33355888247,,
332.830355537835,-254.457325593376,,
332.9303346173,-253.150936211296,,
333.030313696764,-251.262256700689,,
333.130292776229,-248.234747679628,,
333.230271855694,-246.219232922679,,
333.330250935158,-243.745676694729,,
333.430230014623,-241.810679550842,,
333.530209094088,-237.873003194385,,
333.630188173552,-236.086953193003,,
333.730167253017,-233.348182436117,,
333.830146332482,-230.594221760002,,
333.930125411946,-226.659976146729,,
334.030104491411,-224.829184483411,,
334.130083570876,-220.195055605012,,
334.23006265034,-217.888028345497,,
334.330041729805,-213.051533914749,,
334.43002080927,-211.099527347281,,
334.529999888734,-207.050368551766,,
334.629978968199,-203.354172340179,,
334.729958047664,-200.049410832584,,
334.829937127128,-197.52244795954,,
334.929916206593,-193.082133104928,,
335.029895286058,-190.104039161504,,
335.129874365522,-185.367253873097,,
335.229853444987,-181.927280454709,,
335.329832524451,-178.63891492029,,
335.429811603916,-175.796562952696,,
335.529790683381,-173.049871373884,,
335.629769762845,-170.276884343942,,
335.72974884231,-167.607884650074,,
335.829727921775,-163.775469423956,,
335.929707001239,-163.216175611987,,
336.029686080704,-159.484813603034,,
336.129665160169,-158.493807346664,,
336.229644239633,-154.785438967518,,
336.329623319098,-153.532824324753,,
336.429602398563,-147.512974095624,,
336.529581478027,-144.616407856774,,
336.629560557492,-141.477574791474,,
336.729539636957,-139.221970779229,,
336.829518716421,-134.164234986091,,
336.929497795886,-131.475581560791,,
337.029476875351,-127.746527358302,,
337.129455954815,-124.123613679223,,
337.22943503428,-121.703758111322,,
337.329414113745,-118.783406251333,,
337.429393193209,-116.129570221893,,
337.529372272674,-113.531274691992,,
337.629351352139,-111.651251300819,,
337.729330431603,-109.493533388118,,
337.829309511068,-108.429540557891,,
337.929288590533,-105.781092738313,,
338.029267669997,-104.652106826873,,
338.129246749462,-102.022201010485,,
338.229225828926,-101.255493698184,,
338.329204908391,-98.4378152733343,,
338.429183987856,-97.289156472563,,
338.52916306732,-95.4350675274816,,
338.629142146785,-93.0654515904494,,
338.72912122625,-90.8063054174997,,
338.829100305714,-87.9197384432471,,
338.929079385179,-86.8316855050395,,
339.029058464644,-85.1635255356503,,
339.129037544108,-81.6840751565667,,
339.229016623573,-80.037347044367,,
339.328995703038,-78.0139638240058,,
339.428974782502,-74.8221687825763,,
339.528953861967,-72.6424261065258,,
339.628932941432,-69.9333328770157,,
339.728912020896,-67.8900559321964,,
339.828891100361,-66.0825180903989,,
339.928870179826,-65.5423070205464,,
340.02884925929,-63.699890460072,,
340.128828338755,-62.5864967945207,,
340.22880741822,-59.8524117258563,,
340.328786497684,-59.3204070361452,,
340.428765577149,-56.5267868378019,,
340.528744656614,-53.1109168149474,,
340.628723736078,-50.5054649940153,,
340.728702815543,-47.1477306510945,,
340.828681895007,-44.3537296912446,,
340.928660974472,-41.1970330857658,,
341.028640053937,-40.1358113889618,,
341.128619133401,-37.0313016957899,,
341.228598212866,-35.8810408614547,,
341.328577292331,-32.1930951498245,,
341.428556371795,-30.784546796079,,
341.52853545126,-27.2476689377074,,
341.628514530725,-26.940999289873,,
341.728493610189,-26.0579526694914,,
341.828472689654,-26.3996183215076,,
341.928451769119,-24.5750341989843,,
342.028430848583,-24.2303705585729,,
342.128409928048,-20.8936280375907,,
342.228389007513,-20.9391106249664,,
342.328368086977,-18.6098368624949,,
342.428347166442,-16.3303520926775,,
342.528326245907,-14.0260857328434,,
342.628305325371,-13.1470301398566,,
342.728284404836,-10.0542667695453,,
342.828263484301,-8.38614288889801,,
342.928242563765,-7.0846985806499,,
343.02822164323,-5.87911544872935,,
343.128200722695,-3.4653249929267,,
343.228179802159,-0.971439864693991,,
343.328158881624,0.244279800303673,,
343.428137961089,2.23497978360456,,
343.528117040553,4.07281387644491,,
343.628096120018,3.88560277316753,,
343.728075199482,4.78029860768413,,
343.828054278947,5.17478441704395,,
343.928033358412,5.4607196220461,,
344.028012437876,5.31279874843392,,
344.127991517341,6.45348308902743,,
344.227970596806,6.5588990189425,,
344.32794967627,6.89233828544741,,
344.427928755735,8.24866279934002,,
344.5279078352,10.0993579416164,,
344.627886914664,10.8065438052893,,
344.727865994129,10.8607794484992,,
344.827845073594,10.3351406277707,,
344.927824153058,10.1285487691595,,
345.027803232523,9.03302017399699,,
345.127782311988,9.38980211400002,,
345.227761391452,9.91101917213115,,
345.327740470917,9.71910760657897,,
345.427719550382,9.3242055066479,,
345.527698629846,10.4210518956976,,
345.627677709311,10.381052407914,,
345.727656788776,11.3018250508818,,
345.82763586824,12.8122361953388,,
345.927614947705,11.1810642535993,,
346.02759402717,12.3219036912369,,
346.127573106634,12.3185134115531,,
346.227552186099,13.8146153247358,,
346.327531265563,13.431679582357,,
346.427510345028,14.9466503935659,,
346.527489424493,15.6506394437372,,
346.627468503957,16.6537198293884,,
346.727447583422,17.8519104563277,,
346.827426662887,19.1217227249592,,
346.927405742351,20.4519719754931,,
347.027384821816,20.6775683850041,,
347.127363901281,23.7073317377066,,
347.227342980745,24.4837569317066,,
347.32732206021,25.1422168265181,,
347.427301139675,26.7036590033356,,
347.527280219139,27.0176789812646,,
347.627259298604,26.7937394675909,,
347.727238378069,28.0757035015197,,
347.827217457533,30.6190104151387,,
347.927196536998,29.3491379472458,,
348.027175616463,29.4083025760602,,
348.127154695927,29.7122773532329,,
348.227133775392,28.467161738855,,
348.327112854857,26.0526086641483,,
348.427091934321,26.2774965122169,,
348.527071013786,26.0349268068743,,
348.627050093251,25.8545787173329,,
348.727029172715,25.6556790234734,,
348.82700825218,25.3383879389271,,
348.926987331645,27.1974080377722,,
349.026966411109,26.9012766139116,,
349.126945490574,27.0930379339165,,
349.226924570038,29.1704670627718,,
349.326903649503,26.1288516337506,,
349.426882728968,26.0070095038546,,
349.526861808432,27.5324012388625,,
349.626840887897,27.457514306143,,
349.726819967362,27.2655062899343,,
349.826799046826,29.4388897439669,,
349.926778126291,30.3609302928584,,
350.026757205756,30.2074481686402,,
350.12673628522,32.0439769903748,,
350.226715364685,33.411363930981,,
350.32669444415,34.9013106540759,,
350.426673523614,37.1489666739568,,
350.526652603079,37.7474738797004,,
350.626631682544,39.4752469062268,,
350.726610762008,41.4153109087315,,
350.826589841473,43.3356229830091,,
350.926568920938,46.3768205726963,,
351.026548000402,48.3564941619631,,
351.126527079867,51.5819262641077,,
351.226506159332,53.2101819212546,,
351.326485238796,54.5172470865666,,
351.426464318261,57.1481337340168,,
351.526443397726,58.1955957585878,,
351.62642247719,58.6099497232176,,
351.726401556655,60.3249833611196,,
351.82638063612,62.2318271068005,,
351.926359715584,64.1186056300794,,
352.026338795049,64.8517500007838,,
352.126317874513,64.3172448761264,,
352.226296953978,64.3979049185676,,
352.326276033443,64.4043214062568,,
352.426255112907,63.7493757090375,,
352.526234192372,63.6446727597366,,
352.626213271837,63.184193242224,,
352.726192351301,63.191959138747,,
352.826171430766,65.6350619074078,,
352.926150510231,65.8141898987737,,
353.026129589695,65.7344511063901,,
353.12610866916,65.5247458864677,,
353.226087748625,66.8603876705506,,
353.326066828089,66.4667004097274,,
353.426045907554,66.1834852293305,,
353.526024987019,67.7049756314694,,
353.626004066483,67.9958473277038,,
353.725983145948,67.1936591213986,,
353.825962225413,68.1715148870412,,
353.925941304877,67.8735203170622,,
354.025920384342,66.6713483309619,,
354.125899463807,67.5626151050925,,
354.225878543271,65.2227409633012,,
354.325857622736,63.7590415503988,,
354.425836702201,61.4240474148172,,
354.525815781665,60.5027867593789,,
354.62579486113,60.0359256764526,,
354.725773940594,58.7073085698227,,
354.825753020059,61.2581710610314,,
354.925732099524,60.3849035580984,,
355.025711178988,59.9646579757291,,
355.125690258453,60.4070076918875,,
355.225669337918,62.0770621861856,,
355.325648417382,61.3378957074021,,
355.425627496847,60.4634773363215,,
355.525606576312,61.2667609783754,,
355.625585655776,60.4898148614937,,
355.725564735241,58.9678057126208,,
355.825543814706,60.3088669713634,,
355.92552289417,59.7622264588132,,
356.025501973635,58.995413585627,,
356.1254810531,59.5528240670961,,
356.225460132564,59.6995675919889,,
356.325439212029,57.895781418473,,
356.425418291494,56.9846363624237,,
356.525397370958,58.2955883296119,,
356.625376450423,58.3843386011922,,
356.725355529888,59.2447828644009,,
356.825334609352,62.5596753544443,,
356.925313688817,61.5639945943614,,
357.025292768282,62.9510449492679,,
357.125271847746,63.914206655203,,
357.225250927211,65.1736627045411,,
357.325230006676,66.5848764116738,,
357.42520908614,67.4711631844891,,
357.525188165605,69.8134004169942,,
357.625167245069,68.7586671739054,,
357.725146324534,69.5328349649627,,
357.825125403999,71.3487907680235,,
357.925104483463,72.2777877911022,,
358.025083562928,71.8704433207955,,
358.125062642393,72.3151984763882,,
358.225041721857,72.355807829224,,
358.325020801322,72.5967488420531,,
358.424999880787,73.3987930593454,,
358.524978960251,77.6095248391397,,
358.624958039716,79.4704554190364,,
358.724937119181,78.8257663950153,,
358.824916198645,81.7799876905055,,
358.92489527811,82.1489873283853,,
359.024874357575,80.9204568464257,,
359.124853437039,81.4616975113197,,
359.224832516504,81.2980538366171,,
359.324811595969,82.1761038174816,,
359.424790675433,83.2179766500718,,
359.524769754898,85.3689695847965,,
359.624748834363,87.3795305293263,,
359.724727913827,88.5415995322619,,
359.824706993292,90.42756352232,,
359.924686072757,92.8675544165782,,
360.024665152221,94.4900332110896,,
360.124644231686,94.2762062417257,,
360.22462331115,95.5994336504045,,
360.324602390615,95.9839651436965,,
360.42458147008,96.5428263482373,,
360.524560549544,96.798180232397,,
360.624539629009,98.2895300147732,,
360.724518708474,97.6103609392093,,
360.824497787938,97.8826567188757,,
360.924476867403,99.8226093518955,,
361.024455946868,98.9913723573692,,
361.124435026332,99.2386721948914,,
361.224414105797,99.6367139571405,,
361.324393185262,99.8087401187077,,
361.424372264726,100.750777958615,,
361.524351344191,100.406743184642,,
361.624330423656,101.87780582762,,
361.72430950312,100.854273481479,,
361.824288582585,100.304697380569,,
361.92426766205,100.842847788922,,
362.024246741514,98.99454499083,,
362.124225820979,99.1008791559992,,
362.224204900444,102.079808769664,,
362.324183979908,101.570776697415,,
362.424163059373,101.823141100996,,
362.524142138838,102.731165674004,,
362.624121218302,102.473661406753,,
362.724100297767,102.616609159444,,
362.824079377232,102.896870287438,,
362.924058456696,103.411435254374,,
363.024037536161,100.317865010112,,
363.124016615625,100.95597357179,,
363.22399569509,101.18862376375,,
363.323974774555,100.42661016031,,
363.423953854019,99.7532379556706,,
363.523932933484,99.4221841636638,,
363.623912012949,99.1714477446846,,
363.723891092413,96.1809754537926,,
363.823870171878,95.9012144044551,,
363.923849251343,96.0768650222246,,
364.023828330807,94.2726890416057,,
364.123807410272,93.75794675092,,
364.223786489737,92.9798419513974,,
364.323765569201,92.5873908327845,,
364.423744648666,90.8218171283455,,
364.523723728131,92.1081358521373,,
364.623702807595,92.1549874124838,,
364.72368188706,91.0256695054551,,
364.823660966525,90.1329809008811,,
364.923640045989,89.3159939018723,,
365.023619125454,87.7739435503083,,
365.123598204919,84.4704482028005,,
365.223577284383,83.9090786770103,,
365.323556363848,82.3303649937923,,
365.423535443313,79.7518026630055,,
365.523514522777,79.7101690975225,,
365.623493602242,79.3334696163915,,
365.723472681706,77.8884739628658,,
365.823451761171,78.6299751326416,,
365.923430840636,79.3033993319447,,
366.0234099201,80.1933619107638,,
366.123388999565,81.3463657482773,,
366.22336807903,84.3215093010839,,
366.323347158494,86.2013973620035,,
366.423326237959,88.8979752981227,,
366.523305317424,90.1861448783935,,
366.623284396888,94.5094999284652,,
366.723263476353,95.9630729272194,,
366.823242555818,96.5836117167164,,
366.923221635282,99.115810610309,,
367.023200714747,98.3450831785981,,
367.123179794212,98.5856253950526,,
367.223158873676,99.8896973172144,,
367.323137953141,99.9108720177917,,
367.423117032606,100.146565095064,,
367.52309611207,98.8647593776668,,
367.623075191535,96.7454477096602,,
367.723054271,94.0751547094604,,
367.823033350464,91.0694589240221,,
367.923012429929,90.7569258186556,,
368.022991509394,88.2697443494835,,
368.122970588858,86.4246527385243,,
368.222949668323,86.0166183729516,,
368.322928747788,81.4584234286619,,
368.422907827252,78.6858409633981,,
368.522886906717,76.321361078247,,
368.622865986181,74.9342867346198,,
368.722845065646,74.8416344352548,,
368.822824145111,73.0179916302761,,
368.922803224575,75.9142423245357,,
369.02278230404,75.3523561977868,,
369.122761383505,75.9387760226151,,
369.222740462969,81.3400887468159,,
369.322719542434,84.2962332433582,,
369.422698621899,86.2454452126955,,
369.522677701363,89.1819190694761,,
369.622656780828,90.7305870274318,,
369.722635860293,90.8830429828494,,
369.822614939757,92.6478119481007,,
369.922594019222,94.1379149195721,,
370.022573098687,96.7535821479998,,
370.122552178151,96.0332651530224,,
370.222531257616,95.821492419291,,
370.322510337081,95.0902861733508,,
370.422489416545,92.7730799056756,,
370.52246849601,91.5233388838389,,
370.622447575475,89.6381024346206,,
370.722426654939,86.9814757096906,,
370.822405734404,84.2030995237232,,
370.922384813869,82.6107940071286,,
371.022363893333,80.6938939382111,,
371.122342972798,76.089479767232,,
371.222322052262,73.5858844177891,,
371.322301131727,71.2949969815544,,
371.422280211192,66.1971944902594,,
371.522259290656,63.1783820923867,,
371.622238370121,60.9696800368162,,
371.722217449586,58.0408552457364,,
371.82219652905,57.5146817990847,,
371.922175608515,56.5834501773792,,
372.02215468798,56.2311939315955,,
372.122133767444,53.6739935131653,,
372.222112846909,53.8646057290671,,
372.322091926374,55.5448471972998,,
372.422071005838,53.840508539022,,
372.522050085303,56.1236657180301,,
372.622029164768,56.5132741348246,,
372.722008244232,55.8654066112234,,
372.821987323697,56.3148731801739,,
372.921966403162,58.5317290692313,,
373.021945482626,58.2713113766339,,
373.121924562091,58.1669607470584,,
373.221903641556,57.960542439029,,
373.32188272102,58.6406302872569,,
373.421861800485,58.5172030450268,,
373.52184087995,57.6166445590234,,
373.621819959414,56.9120000390384,,
373.721799038879,54.8898975061032,,
373.821778118344,54.2272282397282,,
373.921757197808,53.6232022914372,,
374.021736277273,51.9497950575158,,
374.121715356737,49.4877732783543,,
374.221694436202,49.5172225871306,,
374.321673515667,49.7639460520788,,
374.421652595131,49.0525356782774,,
374.521631674596,47.4655783429216,,
374.621610754061,47.8137392726611,,
374.721589833525,47.9901990578854,,
374.82156891299,47.4054092645391,,
374.921547992455,48.7957487314997,,
375.021527071919,46.3200140569203,,
375.121506151384,45.3516729141714,,
375.221485230849,45.1707762757695,,
375.321464310313,45.9608582963112,,
375.421443389778,45.167712203322,,
375.521422469243,46.0156560249706,,
375.621401548707,46.8744776664427,,
375.721380628172,45.0018135423403,,
375.821359707637,43.7802523357949,,
375.921338787101,44.3566678204464,,
376.021317866566,45.1408207714844,,
376.121296946031,44.910417735565,,
376.221276025495,44.2014575253469,,
376.32125510496,45.6542868957595,,
376.421234184425,44.5822452961878,,
376.521213263889,41.4087951158472,,
376.621192343354,42.2276163549386,,
376.721171422818,42.212240770966,,
376.821150502283,41.9893557585928,,
376.921129581748,42.4882647507064,,
377.021108661212,44.6377577174596,,
377.121087740677,45.3704028675372,,
377.221066820142,44.9577468499468,,
377.321045899606,46.0760249394659,,
377.421024979071,47.1645414233836,,
377.521004058536,47.4557482229269,,
377.620983138,49.9959966735062,,
377.720962217465,50.8745469991197,,
377.82094129693,52.1184138103447,,
377.920920376394,53.682272947031,,
378.020899455859,54.2015887018534,,
378.120878535324,55.7084780335682,,
378.220857614788,54.9569885546323,,
378.320836694253,54.7460425253288,,
378.420815773718,54.4727445077174,,
378.520794853182,52.3623613855944,,
378.620773932647,51.3566913965997,,
378.720753012112,52.3516380038654,,
378.820732091576,50.5663573515873,,
378.920711171041,48.5948187706352,,
379.020690250506,48.9594738725143,,
379.12066932997,48.9677509900749,,
379.220648409435,47.6753906870204,,
379.3206274889,46.7090189010035,,
379.420606568364,47.1418865558379,,
379.520585647829,46.7105681499656,,
379.620564727293,45.6013911154391,,
379.720543806758,45.9696247932745,,
379.820522886223,45.9518620768137,,
379.920501965687,44.3681408261985,,
380.020481045152,44.7959826578614,,
380.120460124617,44.0694667820914,,
380.220439204081,43.6105050270328,,
380.320418283546,45.178680771792,,
380.420397363011,46.187588056553,,
380.520376442475,46.5855013043749,,
380.62035552194,47.7549523945991,,
380.720334601405,50.0904718825951,,
380.820313680869,50.7435517505455,,
380.920292760334,51.6151069887799,,
381.020271839799,53.5659271094991,,
381.120250919263,54.5098091584758,,
381.220229998728,53.8181917313449,,
381.320209078193,55.2581673629929,,
381.420188157657,54.9440561734314,,
381.520167237122,54.4414367623495,,
381.620146316587,54.4103948959821,,
381.720125396051,55.2593573394481,,
381.820104475516,54.6922121486607,,
381.920083554981,52.9074194577418,,
382.020062634445,53.0008979351081,,
382.12004171391,52.7969905727172,,
382.220020793374,51.2512217861492,,
382.319999872839,51.7745919945621,,
382.419978952304,52.8924038265693,,
382.519958031768,51.3456128006214,,
382.619937111233,49.3364830007999,,
382.719916190698,48.6368118352968,,
382.819895270162,48.7682484703244,,
382.919874349627,47.5099020248173,,
383.019853429092,49.8261864129329,,
383.119832508556,49.9502460090592,,
383.219811588021,47.9803344781834,,
383.319790667486,50.9004259576639,,
383.41976974695,50.6903558043887,,
383.519748826415,50.4602392128569,,
383.61972790588,50.7518083346536,,
383.719706985344,51.1088014864285,,
383.819686064809,52.0778363925395,,
383.919665144274,51.4235007863675,,
384.019644223738,52.0958304936572,,
384.119623303203,54.4724322813453,,
384.219602382668,54.8763028157942,,
384.319581462132,57.5040208659463,,
384.419560541597,59.0221196593333,,
384.519539621062,59.2284230294812,,
384.619518700526,59.2431441218406,,
384.719497779991,60.2469468282858,,
384.819476859456,60.7446942435639,,
384.91945593892,58.4232107834605,,
385.019435018385,57.0155440032621,,
385.119414097849,53.9915498233119,,
385.219393177314,51.2347134734564,,
385.319372256779,50.6081958541187,,
385.419351336243,50.7544868121344,,
385.519330415708,49.5159633857476,,
385.619309495173,47.4693363041051,,
385.719288574637,48.7021520495671,,
385.819267654102,47.1629172036717,,
385.919246733567,45.478939779696,,
386.019225813031,45.9500302445053,,
386.119204892496,43.8866325745043,,
386.219183971961,43.8777779761159,,
386.319163051425,42.0536106528093,,
386.41914213089,39.777620228583,,
386.519121210355,39.4488714746267,,
386.619100289819,37.4012657401589,,
386.719079369284,37.8521820824543,,
386.819058448749,38.8926581371324,,
386.919037528213,37.2972720599601,,
387.019016607678,37.5609317870932,,
387.118995687143,39.1301866090669,,
387.218974766607,37.6285097168495,,
387.318953846072,38.8896630710731,,
387.418932925537,39.2757374480503,,
387.518912005001,37.6300276105936,,
387.618891084466,38.7049675869231,,
387.71887016393,37.2110674984853,,
387.818849243395,37.2205221854288,,
387.91882832286,35.4797808032833,,
388.018807402324,33.2172969617347,,
388.118786481789,34.0594768825382,,
388.218765561254,32.6191822025593,,
388.318744640718,30.7970698074263,,
388.418723720183,30.5115214039422,,
388.518702799648,27.7187720026498,,
388.618681879112,26.6637986081533,,
388.718660958577,26.2901383966723,,
388.818640038042,24.1669110719191,,
388.918619117506,21.1555733089897,,
389.018598196971,18.8949311137044,,
389.118577276436,19.847202468741,,
389.2185563559,17.7657890246196,,
389.318535435365,17.2497202689925,,
389.41851451483,17.7492950581765,,
389.518493594294,18.0931817102617,,
389.618472673759,15.5242872346444,,
389.718451753224,16.0845772177466,,
389.818430832688,16.4742569126165,,
389.918409912153,15.1002644748153,,
390.018388991618,15.7380704613083,,
390.118368071082,15.040355076022,,
390.218347150547,14.7456960076962,,
390.318326230012,14.6448711321278,,
390.418305309476,15.5078903414413,,
390.518284388941,15.7928479638998,,
390.618263468405,15.4220355294329,,
390.71824254787,15.6412264330249,,
390.818221627335,15.595783398575,,
390.918200706799,14.4132648062982,,
391.018179786264,15.4505962994023,,
391.118158865729,15.3981182169875,,
391.218137945193,16.128543228657,,
391.318117024658,16.6433130036635,,
391.418096104123,18.2865861339289,,
391.518075183587,19.8610708025173,,
391.618054263052,18.1949922170087,,
391.718033342517,18.4086171577749,,
391.818012421981,19.1065561377312,,
391.917991501446,18.3885819698749,,
392.017970580911,18.7754734741825,,
392.117949660375,19.6969392604719,,
392.21792873984,19.2313139037197,,
392.317907819305,19.7449682438197,,
392.417886898769,18.9883285901077,,
392.517865978234,20.4901213008358,,
392.617845057699,19.3333707725719,,
392.717824137163,19.4738857743028,,
392.817803216628,20.4564996289918,,
392.917782296093,19.3182160360631,,
393.017761375557,19.2823621572809,,
393.117740455022,19.1508149307084,,
393.217719534486,17.8002494524681,,
393.317698613951,17.1891088433118,,
393.417677693416,17.7147039546893,,
393.51765677288,18.5813344232369,,
393.617635852345,18.0285653449266,,
393.71761493181,19.3600445126499,,
393.817594011274,21.8952078800461,,
393.917573090739,21.0080196363802,,
394.017552170204,23.0594617553398,,
394.117531249668,25.0905566939575,,
394.217510329133,24.5717764490474,,
394.317489408598,26.3438553692832,,
394.417468488062,28.4050976698813,,
394.517447567527,27.3197120641329,,
394.617426646992,28.1585044822849,,
394.717405726456,28.3195712287492,,
394.817384805921,27.4964427888675,,
394.917363885386,26.9667873390702,,
395.01734296485,26.0462882453608,,
395.117322044315,26.5762619986386,,
395.21730112378,26.6091569182253,,
395.317280203244,25.3800826148544,,
395.417259282709,26.3625891863725,,
395.517238362174,25.9920429783717,,
395.617217441638,26.1506555447414,,
395.717196521103,28.1687215159134,,
395.817175600568,28.2474425293696,,
395.917154680032,28.9549404935659,,
396.017133759497,30.323965187227,,
396.117112838961,30.4426914784725,,
396.217091918426,31.9393050408992,,
396.317070997891,31.9279749882756,,
396.417050077355,33.6546858961993,,
396.51702915682,35.2371606045455,,
396.617008236285,34.2867807588872,,
396.716987315749,36.6896661655646,,
396.816966395214,37.3072909560504,,
396.916945474679,34.9883249743918,,
397.016924554143,37.1095360786578,,
397.116903633608,36.7406172362564,,
397.216882713073,36.1883874985144,,
397.316861792537,37.531633892507,,
397.416840872002,37.1137736569305,,
397.516819951467,38.5088818240668,,
397.616799030931,37.1309762819793,,
397.716778110396,37.3038958858527,,
397.816757189861,37.5630773690053,,
397.916736269325,35.2044896068227,,
398.01671534879,33.7587690641209,,
398.116694428255,35.0102411266091,,
398.216673507719,34.1717883004582,,
398.316652587184,32.4962359381934,,
398.416631666649,32.7651839440205,,
398.516610746113,30.9354018631083,,
398.616589825578,29.4424370761097,,
398.716568905042,28.4411130749012,,
398.816547984507,27.1684483757884,,
398.916527063972,24.9579359906454,,
399.016506143436,22.8203138923886,,
399.116485222901,21.4495808193928,,
399.216464302366,20.0104586767134,,
399.31644338183,17.2453715329463,,
399.416422461295,16.8772394845931,,
399.51640154076,15.3554097014907,,
399.616380620224,12.5488641998599,,
399.716359699689,12.3555824467056,,
399.816338779154,12.769998240472,,
399.916317858618,12.2348357284168,,
400.016296938083,13.0901065238864,,
400.116276017548,12.141766831315,,
400.216255097012,11.9549737158846,,
400.316234176477,11.6501732013063,,
400.416213255942,11.4324347894193,,
400.516192335406,13.2878571700944,,
400.616171414871,10.0449028582062,,
400.716150494336,9.16690119991659,,
400.8161295738,10.8349988645768,,
400.916108653265,6.94123926779474,,
401.01608773273,7.2872801364465,,
401.116066812194,6.91417558254631,,
401.216045891659,6.04755533082573,,
401.316024971124,5.72816782293188,,
401.416004050588,5.75791742685186,,
401.515983130053,6.66544801426045,,
401.615962209517,5.14664120894389,,
401.715941288982,5.73207996283469,,
401.815920368447,7.00730123558395,,
401.915899447911,6.90749682639779,,
402.015878527376,7.40041514628228,,
402.115857606841,7.88284452544565,,
402.215836686305,8.86201906064076,,
402.31581576577,8.94215879604673,,
402.415794845235,9.61940692145328,,
402.515773924699,10.5338468163886,,
402.615753004164,10.766594027801,,
402.715732083629,13.320521839395,,
402.815711163093,13.3644276018637,,
402.915690242558,11.7846274063169,,
403.015669322023,12.1922356625615,,
403.115648401487,13.4593905920301,,
403.215627480952,14.3016846351504,,
403.315606560417,14.8877581206281,,
403.415585639881,15.9164873547907,,
403.515564719346,14.7984785021939,,
403.615543798811,13.8791792934421,,
403.715522878275,14.4937409827718,,
403.81550195774,14.5111175588478,,
403.915481037205,14.740036638159,,
404.015460116669,13.1083253169782,,
404.115439196134,12.3772908200046,,
404.215418275598,12.2671573443596,,
404.315397355063,9.78214670140898,,
404.415376434528,10.0368429982659,,
404.515355513992,10.2881473738644,,
404.615334593457,9.51068598061875,,
404.715313672922,10.234403309299,,
404.815292752386,10.7210410811418,,
404.915271831851,10.6460781676908,,
405.015250911316,9.94429181689151,,
405.11522999078,11.3695833565765,,
405.215209070245,11.8514038387682,,
405.31518814971,9.83338436032301,,
405.415167229174,9.94221516533258,,
405.515146308639,9.09804620047669,,
405.615125388104,7.02084543272213,,
405.715104467568,6.5630108833937,,
405.815083547033,6.59458150410831,,
405.915062626498,5.88137623658031,,
406.015041705962,4.30759070338479,,
406.115020785427,4.8565872239426,,
406.214999864892,5.97624909664904,,
406.314978944356,5.58427994929059,,
406.414958023821,5.89063404028911,,
406.514937103286,6.79484774558142,,
406.61491618275,5.22644217903769,,
406.714895262215,6.08172178707076,,
406.81487434168,7.53115037036486,,
406.914853421144,7.30927221095988,,
407.014832500609,7.81560631492061,,
407.114811580073,7.50045683133897,,
407.214790659538,5.28980818023462,,
407.314769739003,4.37018062180124,,
407.414748818467,4.22625218764165,,
407.514727897932,4.744629070575,,
407.614706977397,4.22768259802689,,
407.714686056861,1.96717883519284,,
407.814665136326,1.67304409387015,,
407.914644215791,-0.187569976564532,,
408.014623295255,-1.41863444234508,,
408.11460237472,0.0199107905105507,,
408.214581454185,0.133274850198234,,
408.314560533649,-0.930038381649126,,
408.414539613114,-0.00492307110073398,,
408.514518692579,1.06478840051938,,
408.614497772043,-0.323573102115802,,
408.714476851508,-0.0261351764269762,,
408.814455930973,1.4343074493687,,
408.914435010437,1.3854774323562,,
409.014414089902,2.16908618426606,,
409.114393169367,2.16038117115778,,
409.214372248831,3.74914773265829,,
409.314351328296,3.27558159976758,,
409.414330407761,3.84906086184077,,
409.514309487225,6.43272366244651,,
409.61428856669,4.8055802627278,,
409.714267646155,4.96118881377157,,
409.814246725619,7.31176271275012,,
409.914225805084,8.30616898593934,,
410.014204884548,8.29545413710991,,
410.114183964013,9.60980482815188,,
410.214163043478,10.1757318083957,,
410.314142122942,8.84458221093769,,
410.414121202407,9.10729632520361,,
410.514100281872,9.00381303146577,,
410.614079361336,7.00959537211781,,
410.714058440801,5.0976009432465,,
410.814037520266,5.25839217697353,,
410.91401659973,6.41791191699144,,
411.013995679195,6.07724367837903,,
411.11397475866,6.86946110281372,,
411.213953838124,8.57998530038685,,
411.313932917589,9.8831581798384,,
411.413911997054,11.1725782061117,,
411.513891076518,10.3402138886816,,
411.613870155983,10.8910370846758,,
411.713849235448,11.5134218507137,,
411.813828314912,13.5941503515176,,
411.913807394377,13.1708428935074,,
412.013786473842,12.6766447891224,,
412.113765553306,15.4769006257374,,
412.213744632771,13.4965657431458,,
412.313723712236,14.6045233635157,,
412.4137027917,15.414254473429,,
412.513681871165,14.8656967629802,,
412.613660950629,16.0974543252013,,
412.713640030094,15.3101941373662,,
412.813619109559,17.7045193295652,,
412.913598189023,17.6458737653584,,
413.013577268488,15.2573613712969,,
413.113556347953,14.9007671010187,,
413.213535427417,12.6972674428788,,
413.313514506882,9.97263071249483,,
413.413493586347,8.55097973249548,,
413.513472665811,7.22566125036514,,
413.613451745276,4.19127308418604,,
413.713430824741,0.188517767361361,,
413.813409904205,-0.745929484510896,,
413.91338898367,-3.29458982998574,,
414.013368063135,-7.26103552594577,,
414.113347142599,-7.77217747769163,,
414.213326222064,-10.4382047095706,,
414.313305301529,-12.7171319235636,,
414.413284380993,-13.4501367769112,,
414.513263460458,-16.9617309876328,,
414.613242539923,-19.893292912303,,
414.713221619387,-21.7300880715705,,
414.813200698852,-24.1472183036293,,
414.913179778317,-24.9445853930121,,
415.013158857781,-27.2237114934806,,
415.113137937246,-27.9601284113478,,
415.213117016711,-27.4623390133213,,
415.313096096175,-30.1997210022331,,
415.41307517564,-31.1626259112143,,
415.513054255104,-30.5841326066445,,
415.613033334569,-30.9755248218821,,
415.713012414034,-31.5094658882629,,
415.812991493498,-31.9259773185134,,
415.912970572963,-30.5615580957237,,
416.012949652428,-30.7238080577411,,
416.112928731892,-31.2487579115838,,
416.212907811357,-29.578911539352,,
416.312886890822,-30.8663139348984,,
416.412865970286,-31.8574371343153,,
416.512845049751,-28.9618194096734,,
416.612824129216,-29.1726274075348,,
416.71280320868,-29.5743728965041,,
416.812782288145,-25.4100466067723,,
416.91276136761,-24.77953166368,,
417.012740447074,-24.0013070853671,,
417.112719526539,-23.2099475975949,,
417.212698606004,-23.5512910938688,,
417.312677685468,-22.4727510134243,,
417.412656764933,-21.5434757478606,,
417.512635844398,-20.1410561255349,,
417.612614923862,-19.2846830401387,,
417.712594003327,-19.5091415998244,,
417.812573082792,-17.6196438193186,,
417.912552162256,-16.9657877980661,,
418.012531241721,-17.2247905163342,,
418.112510321185,-14.182964155632,,
418.21248940065,-13.1162386029173,,
418.312468480115,-13.5397618148671,,
418.412447559579,-11.9039949100687,,
418.512426639044,-10.9221737841528,,
418.612405718509,-10.2683172007123,,
418.712384797973,-9.44887652320273,,
418.812363877438,-8.84828220744828,,
418.912342956903,-7.22140076975938,,
419.012322036367,-7.6406752791433,,
419.112301115832,-6.63002163008372,,
419.212280195297,-5.65251226612463,,
419.312259274761,-6.62283618929712,,
419.412238354226,-6.84059589835016,,
419.512217433691,-5.99758523306195,,
419.612196513155,-4.33859053260721,,
419.71217559262,-4.21362177511162,,
419.812154672085,-0.910505423582492,,
419.912133751549,1.46809955667749,,
420.012112831014,1.77887148660676,,
420.112091910479,5.16444838821428,,
420.212070989943,7.72944888316727,,
420.312050069408,8.92410148420038,,
420.412029148873,11.1793658863033,,
420.512008228337,12.1865751534199,,
420.611987307802,13.6424252544533,,
420.711966387267,14.0274609627154,,
420.811945466731,14.7212133670727,,
420.911924546196,16.1534558938672,,
421.01190362566,16.6913170456936,,
421.111882705125,16.6854271786713,,
421.21186178459,18.8336849539355,,
421.311840864054,18.7472620419584,,
421.411819943519,18.2590161514319,,
421.511799022984,19.982251776683,,
421.611778102448,20.5559467909678,,
421.711757181913,20.7681736750322,,
421.811736261378,22.2160168011418,,
421.911715340842,23.4387763997942,,
422.011694420307,22.375146283203,,
422.111673499772,21.3141363663268,,
422.211652579236,20.5489282796344,,
422.311631658701,19.4929371290185,,
422.411610738166,17.9304572544289,,
422.51158981763,16.9385496915599,,
422.611568897095,16.3462354182573,,
422.71154797656,15.2936124090846,,
422.811527056024,14.9161852634289,,
422.911506135489,15.0994903414945,,
423.011485214954,12.505963008971,,
423.111464294418,11.5264636722759,,
423.211443373883,12.2821678002892,,
423.311422453348,9.9492186996315,,
423.411401532812,10.1497333235282,,
423.511380612277,9.30249232106286,,
423.611359691741,8.11177865476344,,
423.711338771206,7.09996215934336,,
423.811317850671,6.93190276142843,,
423.911296930135,6.46787206307488,,
424.0112760096,5.52289598144057,,
424.111255089065,4.56965664407971,,
424.211234168529,5.26548853921776,,
424.311213247994,2.54578832269965,,
424.411192327459,0.673723548474072,,
424.511171406923,1.47928043208009,,
424.611150486388,0.754076716619807,,
424.711129565853,0.347025797491256,,
424.811108645317,0.690372645781451,,
424.911087724782,0.929972818712599,,
425.011066804247,0.552260146474168,,
425.111045883711,0.0715665337700671,,
425.211024963176,2.06512426377253,,
425.311004042641,2.86163795739901,,
425.410983122105,2.93636184099756,,
425.51096220157,3.73510595768948,,
425.610941281035,4.34547796417212,,
425.710920360499,3.70526840163075,,
425.810899439964,2.32449606687641,,
425.910878519429,2.72365953178172,,
426.010857598893,3.5256363054433,,
426.110836678358,3.60129512898249,,
426.210815757823,5.4671304580848,,
426.310794837287,5.95312301331035,,
426.410773916752,6.35199146526401,,
426.510752996216,6.66290311259604,,
426.610732075681,7.41142939926431,,
426.710711155146,6.84539369353394,,
426.81069023461,7.62723430146053,,
426.910669314075,10.9534667079205,,
427.01064839354,8.99874171872511,,
427.110627473004,10.2839802119994,,
427.210606552469,11.7038509191754,,
427.310585631934,9.798631381711,,
427.410564711398,9.37896213798916,,
427.510543790863,8.24209995069566,,
427.610522870328,7.15437192021898,,
427.710501949792,4.02266316130033,,
427.810481029257,3.37274383221023,,
427.910460108722,5.40894602112024,,
428.010439188186,2.16004931746579,,
428.110418267651,1.13953892411325,,
428.210397347116,3.09293049880716,,
428.31037642658,0.845761706676797,,
428.410355506045,2.02217969124757,,
428.51033458551,3.69280303561197,,
428.610313664974,3.8272822545718,,
428.710292744439,4.18370320997968,,
428.810271823904,3.45850559866955,,
428.910250903368,2.63865798355187,,
429.010229982833,3.9314904718405,,
429.110209062297,2.68214845589648,,
429.210188141762,3.24147227180919,,
429.310167221227,3.11916066047905,,
429.410146300691,1.9014347322169,,
429.510125380156,4.36546422587003,,
429.610104459621,1.91533872963191,,
429.710083539085,-0.272962485580138,,
429.81006261855,1.39534576441855,,
429.910041698015,-0.274593103065001,,
430.010020777479,-0.626820711957521,,
430.109999856944,0,,
